0
3
7
11
15
19
23
27
31
34
37
41
45
49
53
57
61
65
68
72
77
82
87
92
97
102
107
112
116
120
124
128
132
136
140
144
148
152
156
160
164
168
172
176
181
186
191
196
201
206
211
216
220
224
229
234
239
244
249
254
259
264
269
274
279
284
289
294
299
304
309
314
319
324
329
334
339
344
349
354
359
364
369
374
379
384
388
392
397
402
407
412
417
422
427
432
437
442
447
452
457
462
467
472
477
482
487
492
497
502
507
512
517
522
527
532
537
542
547
552
556
560
565
570
575
580
585
590
595
600
605
610
615
620
625
630
635
640
645
650
655
660
665
670
675
680
685
690
695
700
705
710
715
720
724
728
733
738
743
748
753
758
763
768
773
778
783
788
793
798
803
808
813
818
823
828
833
838
843
848
853
858
863
868
873
878
883
888
892
896
901
906
911
916
921
926
931
936
941
946
951
956
961
966
971
976
981
986
991
996
1001
1006
1011
1016
1021
1026
1031
1036
1041
1046
1051
1056
1060
1064
1069
1074
1079
1084
1089
1094
1099
1104
1109
1114
1119
1124
1129
1134
1139
1144
1149
1154
1159
1164
1169
1174
1179
1184
1189
1194
1199
1204
1209
1214
1219
1224
1228
1232
1237
1242
1247
1252
1257
1262
1267
1272
1277
1282
1287
1292
1297
1302
1307
1312
1317
1322
1327
1332
1337
1342
1347
1352
1357
1362
1367
1372
1377
1382
1387
1392
1396
1400
1405
1410
1415
1420
1425
1430
1435
1440
1445
1450
1455
1460
1465
1470
1475
1480
1485
1490
1495
1500
1505
1510
1515
1520
1525
1530
1535
1540
1545
1550
1555
1560
1564
1568
1573
1578
1583
1588
1593
1598
1603
1608
1613
1618
1623
1628
1633
1638
1643
1648
1653
1658
1663
1668
1673
1678
1683
1688
1693
1698
1703
1708
1713
1718
1723
1728
1732
1736
1741
1746
1751
1756
1761
1766
1771
1776
1781
1786
1791
1796
1801
1806
1811
1816
1821
1826
1831
1836
1841
1846
1851
1856
1861
1866
1871
1876
1881
1886
1891
1896
1900
1904
1909
1914
1919
1924
1929
1934
1939
1944
1949
1954
1959
1964
1969
1974
1979
1984
1989
1994
1999
2004
2009
2014
2019
2024
2029
2034
2039
2044
2049
2054
2059
2064
2068
2072
2077
2082
2087
2092
2097
2102
2107
2112
2117
2122
2127
2132
2137
2142
2147
2152
2157
2162
2167
2172
2177
2182
2187
2192
2197
2202
2207
2212
2217
2222
2227
2232
2236
2240
2245
2250
2255
2260
2265
2270
2275
2280
2285
2290
2295
2300
2305
2310
2315
2320
2325
2330
2335
2340
2345
2350
2355
2360
2365
2370
2375
2380
2385
2390
2395
2400
2404
2408
2413
2418
2423
2428
2433
2438
2443
2448
2453
2458
2463
2468
2473
2478
2483
2488
2493
2498
2503
2508
2513
2518
2523
2528
2533
2538
2543
2548
2553
2558
2563
2568
2572
2576
2581
2586
2591
2596
2601
2606
2611
2616
2621
2626
2631
2636
2641
2646
2651
2656
2661
2666
2671
2676
2681
2686
2691
2696
2701
2706
2711
2716
2721
2726
2731
2736
2740
2743
2748
2753
2758
2763
2768
2773
2778
2783
2788
2793
2798
2803
2808
2813
2818
2823
2828
2833
2838
2843
2848
2853
2858
2863
2868
2873
2878
2883
2888
2893
2898
2903
2907
2911
2916
2921
2926
2931
2936
2941
2946
2951
2955
2959
2963
2967
2971
2975
2979
2983
2987
2991
2995
2999
3003
3007
3011
3015
3019
3023
3027
3031
3035
3039
3043
3046
3050
3055
3060
3065
3070
3075
3080
3085
3089
3093
3098
3103
3108
3113
3118
3123
3128
3132
3136
3141
3146
3151
3156
3161
3166
3171
3175
3179
3184
3189
3194
3199
3204
3209
3214
3218
3222
3227
3232
3237
3242
3247
3252
3257
3261
3265
3270
3275
3280
3285
3290
3295
3300
3304
3307
3312
3317
3322
3327
3332
3337
3342
3347
3351
3355
3360
3365
3370
3375
3380
3385
3390
3395
3399
3403
3408
3413
3418
3423
3428
3433
3438
3443
3447
3451
3456
3461
3466
3471
3476
3481
3486
3491
3495
3499
3504
3509
3514
3519
3524
3529
3534
3539
3543
3547
3552
3557
3562
3567
3572
3577
3582
3587
3591
3595
3600
3605
3610
3615
3620
3625
3630
3635
3639
3643
3648
3653
3658
3663
3668
3673
3678
3683
3687
3690
3694
3698
3702
3706
3710
3714
3718
3722
3725
