0
3
7
11
15
19
22
25
29
33
37
41
44
48
53
58
63
68
73
77
81
85
89
93
97
101
105
109
113
117
122
127
132
137
142
146
150
155
160
165
170
175
180
185
190
195
200
205
210
215
220
225
230
235
240
245
250
255
259
263
268
273
278
283
288
293
298
303
308
313
318
323
328
333
338
343
348
353
358
363
368
372
376
381
386
391
396
401
406
411
416
421
426
431
436
441
446
451
456
461
466
471
476
481
485
489
494
499
504
509
514
519
524
529
534
539
544
549
554
559
564
569
574
579
584
589
594
598
602
607
612
617
622
627
632
637
642
647
652
657
662
667
672
677
682
687
692
697
702
707
711
715
720
725
730
735
740
745
750
755
760
765
770
775
780
785
790
795
800
805
810
815
820
824
828
833
838
843
848
853
858
863
868
873
878
883
888
893
898
903
908
913
918
923
928
933
937
941
946
951
956
961
966
971
976
981
986
991
996
1001
1006
1011
1016
1021
1026
1031
1036
1041
1046
1050
1054
1059
1064
1069
1074
1079
1084
1089
1094
1099
1104
1109
1114
1119
1124
1129
1134
1139
1144
1149
1154
1159
1163
1166
1171
1176
1181
1186
1191
1196
1201
1206
1211
1216
1221
1226
1231
1236
1241
1246
1251
1256
1261
1266
1271
1275
1279
1284
1289
1294
1299
1304
1308
1312
1316
1320
1324
1328
1332
1336
1340
1344
1348
1352
1356
1360
1364
1367
1371
1376
1381
1386
1391
1395
1399
1404
1409
1414
1419
1423
1427
1432
1437
1442
1447
1451
1455
1460
1465
1470
1475
1479
1482
1487
1492
1497
1502
1507
1511
1515
1520
1525
1530
1535
1540
1544
1548
1553
1558
1563
1568
1573
1577
1581
1586
1591
1596
1601
1606
1610
1614
1619
1624
1629
1634
1639
1643
1646
1650
1654
1658
1662
1666
1669
