0
1
12
0
1
2
13
1
2
3
14
2
3
4
15
3
4
5
16
4
5
17
6
7
29
6
7
8
30
7
8
9
31
8
9
10
32
9
10
11
33
10
11
34
0
12
13
35
1
12
13
14
36
2
13
14
15
37
3
14
15
16
38
4
15
16
17
39
5
16
17
18
40
17
18
19
41
18
19
20
42
19
20
21
43
20
21
22
44
21
22
23
45
22
23
24
46
23
24
25
47
24
25
26
48
25
26
27
49
26
27
28
50
27
28
29
51
6
28
29
30
52
7
29
30
31
53
8
30
31
32
54
9
31
32
33
55
10
32
33
34
56
11
33
34
57
12
35
36
58
13
35
36
37
59
14
36
37
38
60
15
37
38
39
61
16
38
39
40
62
17
39
40
41
63
18
40
41
42
64
19
41
42
43
65
20
42
43
44
66
21
43
44
45
67
22
44
45
46
68
23
45
46
47
69
24
46
47
48
70
25
47
48
49
71
26
48
49
50
72
27
49
50
51
73
28
50
51
52
74
29
51
52
53
75
30
52
53
54
76
31
53
54
55
77
32
54
55
56
78
33
55
56
57
79
34
56
57
80
35
58
59
81
36
58
59
60
82
37
59
60
61
83
38
60
61
62
84
39
61
62
63
85
40
62
63
64
86
41
63
64
65
87
42
64
65
66
88
43
65
66
67
89
44
66
67
68
90
45
67
68
69
91
46
68
69
70
92
47
69
70
71
93
48
70
71
72
94
49
71
72
73
95
50
72
73
74
96
51
73
74
75
97
52
74
75
76
98
53
75
76
77
99
54
76
77
78
100
55
77
78
79
101
56
78
79
80
102
57
79
80
103
58
81
82
104
59
81
82
83
105
60
82
83
84
106
61
83
84
85
107
62
84
85
86
108
63
85
86
87
109
64
86
87
88
110
65
87
88
89
111
66
88
89
90
112
67
89
90
91
113
68
90
91
92
114
69
91
92
93
115
70
92
93
94
116
71
93
94
95
117
72
94
95
96
118
73
95
96
97
119
74
96
97
98
120
75
97
98
99
121
76
98
99
100
122
77
99
100
101
123
78
100
101
102
124
79
101
102
103
125
80
102
103
126
81
104
105
127
82
104
105
106
128
83
105
106
107
129
84
106
107
108
130
85
107
108
109
131
86
108
109
110
132
87
109
110
111
133
88
110
111
112
134
89
111
112
113
135
90
112
113
114
136
91
113
114
115
137
92
114
115
116
138
93
115
116
117
139
94
116
117
118
140
95
117
118
119
141
96
118
119
120
142
97
119
120
121
143
98
120
121
122
144
99
121
122
123
145
100
122
123
124
146
101
123
124
125
147
102
124
125
126
148
103
125
126
149
104
127
128
150
105
127
128
129
151
106
128
129
130
152
107
129
130
131
153
108
130
131
132
154
109
131
132
133
155
110
132
133
134
156
111
133
134
135
157
112
134
135
136
158
113
135
136
137
159
114
136
137
138
160
115
137
138
139
161
116
138
139
140
162
117
139
140
141
163
118
140
141
142
164
119
141
142
143
165
120
142
143
144
166
121
143
144
145
167
122
144
145
146
168
123
145
146
147
169
124
146
147
148
170
125
147
148
149
171
126
148
149
172
127
150
151
173
128
150
151
152
174
129
151
152
153
175
130
152
153
154
176
131
153
154
155
177
132
154
155
156
178
133
155
156
157
179
134
156
157
158
180
135
157
158
159
181
136
158
159
160
182
137
159
160
161
183
138
160
161
162
184
139
161
162
163
185
140
162
163
164
186
141
163
164
165
187
142
164
165
166
188
143
165
166
167
189
144
166
167
168
190
145
167
168
169
191
146
168
169
170
192
147
169
170
171
193
148
170
171
172
194
149
171
172
195
150
173
174
196
151
173
174
175
197
152
174
175
176
198
153
175
176
177
199
154
176
177
178
200
155
177
178
179
201
156
178
179
180
202
157
179
180
181
203
158
180
181
182
204
159
181
182
183
205
160
182
183
184
206
161
183
184
185
207
162
184
185
186
208
163
185
186
187
209
164
186
187
188
210
165
187
188
189
211
166
188
189
190
212
167
189
190
191
213
168
190
191
192
214
169
191
192
193
215
170
192
193
194
216
171
193
194
195
217
172
194
195
218
173
196
197
219
174
196
197
198
220
175
197
198
199
221
176
198
199
200
222
177
199
200
201
223
178
200
201
202
224
179
201
202
203
225
180
202
203
204
226
181
203
204
205
227
182
204
205
206
228
183
205
206
207
229
184
206
207
208
230
185
207
208
209
231
186
208
209
210
232
187
209
210
211
233
188
210
211
212
234
189
211
212
213
235
190
212
213
214
236
191
213
214
215
237
192
214
215
216
238
193
215
216
217
239
194
216
217
218
240
195
217
218
241
196
219
220
242
197
219
220
221
243
198
220
221
222
244
199
221
222
223
245
200
222
223
224
246
201
223
224
225
247
202
224
225
226
248
203
225
226
227
249
204
226
227
228
250
205
227
228
229
251
206
228
229
230
252
207
229
230
231
253
208
230
231
232
254
209
231
232
233
255
210
232
233
234
256
211
233
234
235
257
212
234
235
236
258
213
235
236
237
259
214
236
237
238
260
215
237
238
239
261
216
238
239
240
262
217
239
240
241
263
218
240
241
264
219
242
243
220
242
243
244
265
221
243
244
245
266
222
244
245
246
267
223
245
246
247
268
224
246
247
248
269
225
247
248
249
270
226
248
249
250
271
227
249
250
251
272
228
250
251
252
273
229
251
252
253
274
230
252
253
254
275
231
253
254
255
276
232
254
255
256
277
233
255
256
257
278
234
256
257
258
279
235
257
258
259
280
236
258
259
260
281
237
259
260
261
282
238
260
261
262
283
239
261
262
263
284
240
262
263
264
285
241
263
264
286
243
265
266
287
244
265
266
267
288
245
266
267
268
289
246
267
268
269
290
247
268
269
270
291
248
269
270
271
292
249
270
271
272
250
271
272
273
251
272
273
274
252
273
274
275
253
274
275
276
254
275
276
277
255
276
277
278
256
277
278
279
257
278
279
280
258
279
280
281
259
280
281
282
260
281
282
283
261
282
283
284
262
283
284
285
263
284
285
286
264
285
286
265
287
288
293
266
287
288
289
294
267
288
289
290
295
268
289
290
291
296
269
290
291
292
297
270
291
292
298
287
293
294
299
288
293
294
295
300
289
294
295
296
301
290
295
296
297
302
291
296
297
298
303
292
297
298
304
293
299
300
305
294
299
300
301
306
295
300
301
302
307
296
301
302
303
308
297
302
303
304
309
298
303
304
310
299
305
306
312
300
305
306
307
313
301
306
307
308
314
302
307
308
309
315
303
308
309
310
316
304
309
310
317
311
312
318
305
311
312
313
319
306
312
313
314
320
307
313
314
315
321
308
314
315
316
322
309
315
316
317
323
310
316
317
324
311
318
319
325
312
318
319
320
326
313
319
320
321
327
314
320
321
322
328
315
321
322
323
329
316
322
323
324
330
317
323
324
331
318
325
326
332
319
325
326
327
333
320
326
327
328
334
321
327
328
329
335
322
328
329
330
336
323
329
330
331
337
324
330
331
338
325
332
333
339
326
332
333
334
340
327
333
334
335
341
328
334
335
336
342
329
335
336
337
343
330
336
337
338
344
331
337
338
345
332
339
340
346
333
339
340
341
347
334
340
341
342
348
335
341
342
343
349
336
342
343
344
350
337
343
344
345
351
338
344
345
352
339
346
347
340
346
347
348
341
347
348
349
342
348
349
350
343
349
350
351
344
350
351
352
345
351
352
