0
1
6
0
1
2
7
1
2
8
3
4
15
3
4
5
16
4
5
17
0
6
7
18
1
6
7
8
19
2
7
8
9
20
8
9
10
21
9
10
11
22
10
11
12
23
11
12
13
24
12
13
14
25
13
14
15
26
3
14
15
16
27
4
15
16
17
28
5
16
17
29
6
18
19
30
7
18
19
20
31
8
19
20
21
32
9
20
21
22
33
10
21
22
23
34
11
22
23
24
35
12
23
24
25
36
13
24
25
26
37
14
25
26
27
38
15
26
27
28
39
16
27
28
29
40
17
28
29
41
18
30
31
42
19
30
31
32
43
20
31
32
33
44
21
32
33
34
45
22
33
34
35
46
23
34
35
36
47
24
35
36
37
48
25
36
37
38
49
26
37
38
39
50
27
38
39
40
51
28
39
40
41
52
29
40
41
53
30
42
43
54
31
42
43
44
55
32
43
44
45
56
33
44
45
46
57
34
45
46
47
58
35
46
47
48
59
36
47
48
49
60
37
48
49
50
61
38
49
50
51
62
39
50
51
52
63
40
51
52
53
64
41
52
53
65
42
54
55
43
54
55
56
66      DEBUT DU PROBLEME
44
55
56
57
67
45
56
57
58
68
46
57
58
59
69
47
58
59
60
70
48
59
60
61
71
49
60
61
62
72
50
61
62
63
73
51
62
63
64
74
52
63
64
65
75
53
64
65
76
55     LIGNE 6
66
67
77
56
66
67
68
78
57
67
68
69
79
58
68
69
70
59
69
70
71
60
70
71
72
61
71
72
73
62
72
73
74
63
73
74
75
64
74
75
76
65
75
76
66      LIGNE 7
77
78
80
67
77
78
79
81
68
78
79
82
77     LIGNE 8
80
81
84
78
80
81
82
85
79
81
82
86
83     LIGNE 9
84
87
80
83
84
85
88
81
84
85
86
89
82
85
86
90
83     LIGNE 10
87
88
91
84
87
88
89
92
85
88
89
90
93
86
89
90
94     LIGNE 11
87
91
92
88
91
92
93
89
92
93
94
90
93
94
