0
1
18
0
1
2
19
1
2
3
20
2
3
4
21
3
4
5
22
4
5
6
23
5
6
7
24
6
7
8
25
7
8
26
9
10
43
9
10
11
44
10
11
12
45
11
12
13
46
12
13
14
47
13
14
15
48
14
15
16
49
15
16
17
50
16
17
51
0
18
19
52
1
18
19
20
53
2
19
20
21
54
3
20
21
22
55
4
21
22
23
56
5
22
23
24
57
6
23
24
25
58
7
24
25
26
59
8
25
26
27
60
26
27
28
61
27
28
29
62
28
29
30
63
29
30
31
64
30
31
32
65
31
32
33
66
32
33
34
67
33
34
35
68
34
35
36
69
35
36
37
70
36
37
38
71
37
38
39
72
38
39
40
73
39
40
41
74
40
41
42
75
41
42
43
76
9
42
43
44
77
10
43
44
45
78
11
44
45
46
79
12
45
46
47
80
13
46
47
48
81
14
47
48
49
82
15
48
49
50
83
16
49
50
51
84
17
50
51
85
18
52
53
86
19
52
53
54
87
20
53
54
55
88
21
54
55
56
89
22
55
56
57
90
23
56
57
58
91
24
57
58
59
92
25
58
59
60
93
26
59
60
61
94
27
60
61
62
95
28
61
62
63
96
29
62
63
64
97
30
63
64
65
98
31
64
65
66
99
32
65
66
67
100
33
66
67
68
101
34
67
68
69
102
35
68
69
70
103
36
69
70
71
104
37
70
71
72
105
38
71
72
73
106
39
72
73
74
107
40
73
74
75
108
41
74
75
76
109
42
75
76
77
110
43
76
77
78
111
44
77
78
79
112
45
78
79
80
113
46
79
80
81
114
47
80
81
82
115
48
81
82
83
116
49
82
83
84
117
50
83
84
85
118
51
84
85
119
52
86
87
120
53
86
87
88
121
54
87
88
89
122
55
88
89
90
123
56
89
90
91
124
57
90
91
92
125
58
91
92
93
126
59
92
93
94
127
60
93
94
95
128
61
94
95
96
129
62
95
96
97
130
63
96
97
98
131
64
97
98
99
132
65
98
99
100
133
66
99
100
101
134
67
100
101
102
135
68
101
102
103
136
69
102
103
104
137
70
103
104
105
138
71
104
105
106
139
72
105
106
107
140
73
106
107
108
141
74
107
108
109
142
75
108
109
110
143
76
109
110
111
144
77
110
111
112
145
78
111
112
113
146
79
112
113
114
147
80
113
114
115
148
81
114
115
116
149
82
115
116
117
150
83
116
117
118
151
84
117
118
119
152
85
118
119
153
86
120
121
154
87
120
121
122
155
88
121
122
123
156
89
122
123
124
157
90
123
124
125
158
91
124
125
126
159
92
125
126
127
160
93
126
127
128
161
94
127
128
129
162
95
128
129
130
163
96
129
130
131
164
97
130
131
132
165
98
131
132
133
166
99
132
133
134
167
100
133
134
135
168
101
134
135
136
169
102
135
136
137
170
103
136
137
138
171
104
137
138
139
172
105
138
139
140
173
106
139
140
141
174
107
140
141
142
175
108
141
142
143
176
109
142
143
144
177
110
143
144
145
178
111
144
145
146
179
112
145
146
147
180
113
146
147
148
181
114
147
148
149
182
115
148
149
150
183
116
149
150
151
184
117
150
151
152
185
118
151
152
153
186
119
152
153
187
120
154
155
188
121
154
155
156
189
122
155
156
157
190
123
156
157
158
191
124
157
158
159
192
125
158
159
160
193
126
159
160
161
194
127
160
161
162
195
128
161
162
163
196
129
162
163
164
197
130
163
164
165
198
131
164
165
166
199
132
165
166
167
200
133
166
167
168
201
134
167
168
169
202
135
168
169
170
203
136
169
170
171
204
137
170
171
172
205
138
171
172
173
206
139
172
173
174
207
140
173
174
175
208
141
174
175
176
209
142
175
176
177
210
143
176
177
178
211
144
177
178
179
212
145
178
179
180
213
146
179
180
181
214
147
180
181
182
215
148
181
182
183
216
149
182
183
184
217
150
183
184
185
218
151
184
185
186
219
152
185
186
187
220
153
186
187
221
154
188
189
222
155
188
189
190
223
156
189
190
191
224
157
190
191
192
225
158
191
192
193
226
159
192
193
194
227
160
193
194
195
228
161
194
195
196
229
162
195
196
197
230
163
196
197
198
231
164
197
198
199
232
165
198
199
200
233
166
199
200
201
234
167
200
201
202
235
168
201
202
203
236
169
202
203
204
237
170
203
204
205
238
171
204
205
206
239
172
205
206
207
240
173
206
207
208
241
174
207
208
209
242
175
208
209
210
243
176
209
210
211
244
177
210
211
212
245
178
211
212
213
246
179
212
213
214
247
180
213
214
215
248
181
214
215
216
249
182
215
216
217
250
183
216
217
218
251
184
217
218
219
252
185
218
219
220
253
186
219
220
221
254
187
220
221
255
188
222
223
256
189
222
223
224
257
190
223
224
225
258
191
224
225
226
259
192
225
226
227
260
193
226
227
228
261
194
227
228
229
262
195
228
229
230
263
196
229
230
231
264
197
230
231
232
265
198
231
232
233
266
199
232
233
234
267
200
233
234
235
268
201
234
235
236
269
202
235
236
237
270
203
236
237
238
271
204
237
238
239
272
205
238
239
240
273
206
239
240
241
274
207
240
241
242
275
208
241
242
243
276
209
242
243
244
277
210
243
244
245
278
211
244
245
246
279
212
245
246
247
280
213
246
247
248
281
214
247
248
249
282
215
248
249
250
283
216
249
250
251
284
217
250
251
252
285
218
251
252
253
286
219
252
253
254
287
220
253
254
255
288
221
254
255
289
222
256
257
290
223
256
257
258
291
224
257
258
259
292
225
258
259
260
293
226
259
260
261
294
227
260
261
262
295
228
261
262
263
296
229
262
263
264
297
230
263
264
265
298
231
264
265
266
299
232
265
266
267
300
233
266
267
268
301
234
267
268
269
302
235
268
269
270
303
236
269
270
271
304
237
270
271
272
305
238
271
272
273
306
239
272
273
274
307
240
273
274
275
308
241
274
275
276
309
242
275
276
277
310
243
276
277
278
311
244
277
278
279
312
245
278
279
280
313
246
279
280
281
314
247
280
281
282
315
248
281
282
283
316
249
282
283
284
317
250
283
284
285
318
251
284
285
286
319
252
285
286
287
320
253
286
287
288
321
254
287
288
289
322
255
288
289
323
256
290
291
324
257
290
291
292
325
258
291
292
293
326
259
292
293
294
327
260
293
294
295
328
261
294
295
296
329
262
295
296
297
330
263
296
297
298
331
264
297
298
299
332
265
298
299
300
333
266
299
300
301
334
267
300
301
302
335
268
301
302
303
336
269
302
303
304
337
270
303
304
305
338
271
304
305
306
339
272
305
306
307
340
273
306
307
308
341
274
307
308
309
342
275
308
309
310
343
276
309
310
311
344
277
310
311
312
345
278
311
312
313
346
279
312
313
314
347
280
313
314
315
348
281
314
315
316
349
282
315
316
317
350
283
316
317
318
351
284
317
318
319
352
285
318
319
320
353
286
319
320
321
354
287
320
321
322
355
288
321
322
323
356
289
322
323
357
290
324
325
358
291
324
325
326
359
292
325
326
327
360
293
326
327
328
361
294
327
328
329
362
295
328
329
330
363
296
329
330
331
364
297
330
331
332
365
298
331
332
333
366
299
332
333
334
367
300
333
334
335
368
301
334
335
336
369
302
335
336
337
370
303
336
337
338
371
304
337
338
339
372
305
338
339
340
373
306
339
340
341
374
307
340
341
342
375
308
341
342
343
376
309
342
343
344
377
310
343
344
345
378
311
344
345
346
379
312
345
346
347
380
313
346
347
348
381
314
347
348
349
382
315
348
349
350
383
316
349
350
351
384
317
350
351
352
385
318
351
352
353
386
319
352
353
354
387
320
353
354
355
388
321
354
355
356
389
322
355
356
357
390
323
356
357
391
324
358
359
392
325
358
359
360
393
326
359
360
361
394
327
360
361
362
395
328
361
362
363
396
329
362
363
364
397
330
363
364
365
398
331
364
365
366
399
332
365
366
367
400
333
366
367
368
401
334
367
368
369
402
335
368
369
370
403
336
369
370
371
404
337
370
371
372
405
338
371
372
373
406
339
372
373
374
407
340
373
374
375
408
341
374
375
376
409
342
375
376
377
410
343
376
377
378
411
344
377
378
379
412
345
378
379
380
413
346
379
380
381
414
347
380
381
382
415
348
381
382
383
416
349
382
383
384
417
350
383
384
385
418
351
384
385
386
419
352
385
386
387
420
353
386
387
388
421
354
387
388
389
422
355
388
389
390
423
356
389
390
391
424
357
390
391
425
358
392
393
426
359
392
393
394
427
360
393
394
395
428
361
394
395
396
429
362
395
396
397
430
363
396
397
398
431
364
397
398
399
432
365
398
399
400
433
366
399
400
401
434
367
400
401
402
435
368
401
402
403
436
369
402
403
404
437
370
403
404
405
438
371
404
405
406
439
372
405
406
407
440
373
406
407
408
441
374
407
408
409
442
375
408
409
410
443
376
409
410
411
444
377
410
411
412
445
378
411
412
413
446
379
412
413
414
447
380
413
414
415
448
381
414
415
416
449
382
415
416
417
450
383
416
417
418
451
384
417
418
419
452
385
418
419
420
453
386
419
420
421
454
387
420
421
422
455
388
421
422
423
456
389
422
423
424
457
390
423
424
425
458
391
424
425
459
392
426
427
460
393
426
427
428
461
394
427
428
429
462
395
428
429
430
463
396
429
430
431
464
397
430
431
432
465
398
431
432
433
466
399
432
433
434
467
400
433
434
435
468
401
434
435
436
469
402
435
436
437
470
403
436
437
438
471
404
437
438
439
472
405
438
439
440
473
406
439
440
441
474
407
440
441
442
475
408
441
442
443
476
409
442
443
444
477
410
443
444
445
478
411
444
445
446
479
412
445
446
447
480
413
446
447
448
481
414
447
448
449
482
415
448
449
450
483
416
449
450
451
484
417
450
451
452
485
418
451
452
453
486
419
452
453
454
487
420
453
454
455
488
421
454
455
456
489
422
455
456
457
490
423
456
457
458
491
424
457
458
459
492
425
458
459
493
426
460
461
494
427
460
461
462
495
428
461
462
463
496
429
462
463
464
497
430
463
464
465
498
431
464
465
466
499
432
465
466
467
500
433
466
467
468
501
434
467
468
469
502
435
468
469
470
503
436
469
470
471
504
437
470
471
472
505
438
471
472
473
506
439
472
473
474
507
440
473
474
475
508
441
474
475
476
509
442
475
476
477
510
443
476
477
478
511
444
477
478
479
512
445
478
479
480
513
446
479
480
481
514
447
480
481
482
515
448
481
482
483
516
449
482
483
484
517
450
483
484
485
518
451
484
485
486
519
452
485
486
487
520
453
486
487
488
521
454
487
488
489
522
455
488
489
490
523
456
489
490
491
524
457
490
491
492
525
458
491
492
493
526
459
492
493
527
460
494
495
528
461
494
495
496
529
462
495
496
497
530
463
496
497
498
531
464
497
498
499
532
465
498
499
500
533
466
499
500
501
534
467
500
501
502
535
468
501
502
503
536
469
502
503
504
537
470
503
504
505
538
471
504
505
506
539
472
505
506
507
540
473
506
507
508
541
474
507
508
509
542
475
508
509
510
543
476
509
510
511
544
477
510
511
512
545
478
511
512
513
546
479
512
513
514
547
480
513
514
515
548
481
514
515
516
549
482
515
516
517
550
483
516
517
518
551
484
517
518
519
552
485
518
519
520
553
486
519
520
521
554
487
520
521
522
555
488
521
522
523
556
489
522
523
524
557
490
523
524
525
558
491
524
525
526
559
492
525
526
527
560
493
526
527
561
494
528
529
562
495
528
529
530
563
496
529
530
531
564
497
530
531
532
565
498
531
532
533
566
499
532
533
534
567
500
533
534
535
568
501
534
535
536
569
502
535
536
537
570
503
536
537
538
571
504
537
538
539
572
505
538
539
540
573
506
539
540
541
574
507
540
541
542
575
508
541
542
543
576
509
542
543
544
577
510
543
544
545
578
511
544
545
546
579
512
545
546
547
580
513
546
547
548
581
514
547
548
549
582
515
548
549
550
583
516
549
550
551
584
517
550
551
552
585
518
551
552
553
586
519
552
553
554
587
520
553
554
555
588
521
554
555
556
589
522
555
556
557
590
523
556
557
558
591
524
557
558
559
592
525
558
559
560
593
526
559
560
561
594
527
560
561
595
528
562
563
529
562
563
564
596
530
563
564
565
597
531
564
565
566
598
532
565
566
567
599
533
566
567
568
600
534
567
568
569
601
535
568
569
570
602
536
569
570
571
603
537
570
571
572
604
538
571
572
573
605
539
572
573
574
606
540
573
574
575
607
541
574
575
576
608
542
575
576
577
609
543
576
577
578
610
544
577
578
579
611
545
578
579
580
612
546
579
580
581
613
547
580
581
582
614
548
581
582
583
615
549
582
583
584
616
550
583
584
585
617
551
584
585
586
618
552
585
586
587
619
553
586
587
588
620
554
587
588
589
621
555
588
589
590
622
556
589
590
591
623
557
590
591
592
624
558
591
592
593
625
559
592
593
594
626
560
593
594
595
627
561
594
595
628
563
596
597
629
564
596
597
598
630
565
597
598
599
631
566
598
599
600
632
567
599
600
601
633
568
600
601
602
634
569
601
602
603
635
570
602
603
604
636
571
603
604
605
637
572
604
605
606
573
605
606
607
574
606
607
608
575
607
608
609
576
608
609
610
577
609
610
611
578
610
611
612
579
611
612
613
580
612
613
614
581
613
614
615
582
614
615
616
583
615
616
617
584
616
617
618
585
617
618
619
586
618
619
620
587
619
620
621
588
620
621
622
589
621
622
623
590
622
623
624
591
623
624
625
592
624
625
626
593
625
626
627
594
626
627
628
595
627
628
596
629
630
638
597
629
630
631
639
598
630
631
632
640
599
631
632
633
641
600
632
633
634
642
601
633
634
635
643
602
634
635
636
644
603
635
636
637
645
604
636
637
646
629
638
639
647
630
638
639
640
648
631
639
640
641
649
632
640
641
642
650
633
641
642
643
651
634
642
643
644
652
635
643
644
645
653
636
644
645
646
654
637
645
646
655
638
647
648
656
639
647
648
649
657
640
648
649
650
658
641
649
650
651
659
642
650
651
652
660
643
651
652
653
661
644
652
653
654
662
645
653
654
655
663
646
654
655
664
647
656
657
665
648
656
657
658
666
649
657
658
659
667
650
658
659
660
668
651
659
660
661
669
652
660
661
662
670
653
661
662
663
671
654
662
663
664
672
655
663
664
673
656
665
666
674
657
665
666
667
675
658
666
667
668
676
659
667
668
669
677
660
668
669
670
678
661
669
670
671
679
662
670
671
672
680
663
671
672
673
681
664
672
673
682
665
674
675
684
666
674
675
676
685
667
675
676
677
686
668
676
677
678
687
669
677
678
679
688
670
678
679
680
689
671
679
680
681
690
672
680
681
682
691
673
681
682
692
683
684
693
674
683
684
685
694
675
684
685
686
695
676
685
686
687
696
677
686
687
688
697
678
687
688
689
698
679
688
689
690
699
680
689
690
691
700
681
690
691
692
701
682
691
692
702
683
693
694
703
684
693
694
695
704
685
694
695
696
705
686
695
696
697
706
687
696
697
698
707
688
697
698
699
708
689
698
699
700
709
690
699
700
701
710
691
700
701
702
711
692
701
702
712
693
703
704
713
694
703
704
705
714
695
704
705
706
715
696
705
706
707
716
697
706
707
708
717
698
707
708
709
718
699
708
709
710
719
700
709
710
711
720
701
710
711
712
721
702
711
712
722
703
713
714
723
704
713
714
715
724
705
714
715
716
725
706
715
716
717
726
707
716
717
718
727
708
717
718
719
728
709
718
719
720
729
710
719
720
721
730
711
720
721
722
731
712
721
722
732
713
723
724
733
714
723
724
725
734
715
724
725
726
735
716
725
726
727
736
717
726
727
728
737
718
727
728
729
738
719
728
729
730
739
720
729
730
731
740
721
730
731
732
741
722
731
732
742
723
733
734
743
724
733
734
735
744
725
734
735
736
745
726
735
736
737
746
727
736
737
738
747
728
737
738
739
748
729
738
739
740
749
730
739
740
741
750
731
740
741
742
751
732
741
742
752
733
743
744
753
734
743
744
745
754
735
744
745
746
755
736
745
746
747
756
737
746
747
748
757
738
747
748
749
758
739
748
749
750
759
740
749
750
751
760
741
750
751
752
761
742
751
752
762
743
753
754
763
744
753
754
755
764
745
754
755
756
765
746
755
756
757
766
747
756
757
758
767
748
757
758
759
768
749
758
759
760
769
750
759
760
761
770
751
760
761
762
771
752
761
762
772
753
763
764
754
763
764
765
755
764
765
766
756
765
766
767
757
766
767
768
758
767
768
769
759
768
769
770
760
769
770
771
761
770
771
772
762
771
772
