3.835404
3.365884
3.989980
3.637190
2.393889
0.564480
-1.403133
-3.027210
-3.910120
-6.592846
3.365884
0.000000
0.000000
0.000000
0.000000
0.000000
0.000000
0.000000
0.000000
-2.555439
3.989980
0.000000
0.000000
0.000000
0.000000
0.000000
0.000000
0.000000
0.000000
-2.199813
3.637190
0.000000
0.000000
0.000000
0.000000
0.000000
0.000000
0.000000
0.000000
-1.670520
2.393889
0.000000
2.393889
1.232287
-0.239734
-1.789967
-3.107119
-3.885111
-3.910415
-4.085647
0.564480
-0.843654
-1.403133
-2.472307
-3.027210
-3.618347
-3.910120
-3.998075
-7.767665
-7.474293
