0
3
7
11
15
19
23
27
31
35
39
43
47
51
55
59
63
67
71
75
79
83
87
91
95
99
103
107
111
115
119
123
127
131
135
139
143
147
151
155
159
163
167
171
175
179
183
187
191
195
199
203
207
211
215
219
223
227
231
235
239
243
247
251
255
259
263
267
271
275
279
283
287
291
295
299
303
307
311
315
319
323
327
331
335
339
343
347
351
355
359
363
367
371
375
379
383
387
391
395
399
403
407
411
415
419
423
427
431
435
439
443
447
451
455
459
463
467
471
475
479
483
487
491
495
499
503
507
511
515
519
523
527
531
535
539
543
547
551
555
559
563
567
571
575
579
583
587
591
595
599
603
607
610
614
619
624
629
634
639
644
649
654
659
664
669
674
679
684
689
694
699
704
709
714
719
724
729
734
739
744
749
754
759
764
769
774
779
784
789
794
799
804
809
814
819
824
829
834
839
844
849
854
859
864
869
874
879
884
889
894
899
904
909
914
919
924
929
934
939
944
949
954
959
964
969
974
979
984
989
994
999
1004
1009
1014
1019
1024
1029
1034
1039
1044
1049
1054
1059
1064
1069
1074
1079
1084
1089
1094
1099
1104
1109
1114
1119
1124
1129
1134
1139
1144
1149
1154
1159
1164
1169
1174
1179
1184
1189
1194
1199
1204
1209
1214
1219
1224
1229
1234
1239
1244
1249
1254
1259
1264
1269
1274
1279
1284
1289
1294
1299
1304
1309
1314
1319
1324
1329
1334
1339
1344
1349
1354
1359
1364
1369
1373
1377
1382
1387
1392
1397
1402
1407
1412
1417
1422
1427
1432
1437
1442
1447
1452
1457
1462
1467
1472
1477
1482
1487
1492
1497
1502
1507
1512
1517
1522
1527
1532
1537
1542
1547
1552
1557
1562
1567
1572
1577
1582
1587
1592
1597
1602
1607
1612
1617
1622
1627
1632
1637
1642
1647
1652
1657
1662
1667
1672
1677
1682
1687
1692
1697
1702
1707
1712
1717
1722
1727
1732
1737
1742
1747
1752
1757
1762
1767
1772
1777
1782
1787
1792
1797
1802
1807
1812
1817
1822
1827
1832
1837
1842
1847
1852
1857
1862
1867
1872
1877
1882
1887
1892
1897
1902
1907
1912
1917
1922
1927
1932
1937
1942
1947
1952
1957
1962
1967
1972
1977
1982
1987
1992
1997
2002
2007
2012
2017
2022
2027
2032
2037
2042
2047
2052
2057
2062
2067
2072
2077
2082
2087
2092
2097
2102
2107
2112
2117
2122
2127
2132
2136
2140
2145
2150
2155
2160
2165
2170
2175
2180
2185
2190
2195
2200
2205
2210
2215
2220
2225
2230
2235
2240
2245
2250
2255
2260
2265
2270
2275
2280
2285
2290
2295
2300
2305
2310
2315
2320
2325
2330
2335
2340
2345
2350
2355
2360
2365
2370
2375
2380
2385
2390
2395
2400
2405
2410
2415
2420
2425
2430
2435
2440
2445
2450
2455
2460
2465
2470
2475
2480
2485
2490
2495
2500
2505
2510
2515
2520
2525
2530
2535
2540
2545
2550
2555
2560
2565
2570
2575
2580
2585
2590
2595
2600
2605
2610
2615
2620
2625
2630
2635
2640
2645
2650
2655
2660
2665
2670
2675
2680
2685
2690
2695
2700
2705
2710
2715
2720
2725
2730
2735
2740
2745
2750
2755
2760
2765
2770
2775
2780
2785
2790
2795
2800
2805
2810
2815
2820
2825
2830
2835
2840
2845
2850
2855
2860
2865
2870
2875
2880
2885
2890
2895
2899
2903
2908
2913
2918
2923
2928
2933
2938
2943
2948
2953
2958
2963
2968
2973
2978
2983
2988
2993
2998
3003
3008
3013
3018
3023
3028
3033
3038
3043
3048
3053
3058
3063
3068
3073
3078
3083
3088
3093
3098
3103
3108
3113
3118
3123
3128
3133
3138
3143
3148
3153
3158
3163
3168
3173
3178
3183
3188
3193
3198
3203
3208
3213
3218
3223
3228
3233
3238
3243
3248
3253
3258
3263
3268
3273
3278
3283
3288
3293
3298
3303
3308
3313
3318
3323
3328
3333
3338
3343
3348
3353
3358
3363
3368
3373
3378
3383
3388
3393
3398
3403
3408
3413
3418
3423
3428
3433
3438
3443
3448
3453
3458
3463
3468
3473
3478
3483
3488
3493
3498
3503
3508
3513
3518
3523
3528
3533
3538
3543
3548
3553
3558
3563
3568
3573
3578
3583
3588
3593
3598
3603
3608
3613
3618
3623
3628
3633
3638
3643
3648
3653
3658
3662
3666
3671
3676
3681
3686
3691
3696
3701
3706
3711
3716
3721
3726
3731
3736
3741
3746
3751
3756
3761
3766
3771
3776
3781
3786
3791
3796
3801
3806
3811
3816
3821
3826
3831
3836
3841
3846
3851
3856
3861
3866
3871
3876
3881
3886
3891
3896
3901
3906
3911
3916
3921
3926
3931
3936
3941
3946
3951
3956
3961
3966
3971
3976
3981
3986
3991
3996
4001
4006
4011
4016
4021
4026
4031
4036
4041
4046
4051
4056
4061
4066
4071
4076
4081
4086
4091
4096
4101
4106
4111
4116
4121
4126
4131
4136
4141
4146
4151
4156
4161
4166
4171
4176
4181
4186
4191
4196
4201
4206
4211
4216
4221
4226
4231
4236
4241
4246
4251
4256
4261
4266
4271
4276
4281
4286
4291
4296
4301
4306
4311
4316
4321
4326
4331
4336
4341
4346
4351
4356
4361
4366
4371
4376
4381
4386
4391
4396
4401
4406
4411
4416
4421
4425
4429
4434
4439
4444
4449
4454
4459
4464
4469
4474
4479
4484
4489
4494
4499
4504
4509
4514
4519
4524
4529
4534
4539
4544
4549
4554
4559
4564
4569
4574
4579
4584
4589
4594
4599
4604
4609
4614
4619
4624
4629
4634
4639
4644
4649
4654
4659
4664
4669
4674
4679
4684
4689
4694
4699
4704
4709
4714
4719
4724
4729
4734
4739
4744
4749
4754
4759
4764
4769
4774
4779
4784
4789
4794
4799
4804
4809
4814
4819
4824
4829
4834
4839
4844
4849
4854
4859
4864
4869
4874
4879
4884
4889
4894
4899
4904
4909
4914
4919
4924
4929
4934
4939
4944
4949
4954
4959
4964
4969
4974
4979
4984
4989
4994
4999
5004
5009
5014
5019
5024
5029
5034
5039
5044
5049
5054
5059
5064
5069
5074
5079
5084
5089
5094
5099
5104
5109
5114
5119
5124
5129
5134
5139
5144
5149
5154
5159
5164
5169
5174
5179
5184
5188
5192
5197
5202
5207
5212
5217
5222
5227
5232
5237
5242
5247
5252
5257
5262
5267
5272
5277
5282
5287
5292
5297
5302
5307
5312
5317
5322
5327
5332
5337
5342
5347
5352
5357
5362
5367
5372
5377
5382
5387
5392
5397
5402
5407
5412
5417
5422
5427
5432
5437
5442
5447
5452
5457
5462
5467
5472
5477
5482
5487
5492
5497
5502
5507
5512
5517
5522
5527
5532
5537
5542
5547
5552
5557
5562
5567
5572
5577
5582
5587
5592
5597
5602
5607
5612
5617
5622
5627
5632
5637
5642
5647
5652
5657
5662
5667
5672
5677
5682
5687
5692
5697
5702
5707
5712
5717
5722
5727
5732
5737
5742
5747
5752
5757
5762
5767
5772
5777
5782
5787
5792
5797
5802
5807
5812
5817
5822
5827
5832
5837
5842
5847
5852
5857
5862
5867
5872
5877
5882
5887
5892
5897
5902
5907
5912
5917
5922
5927
5932
5937
5942
5947
5951
5955
5960
5965
5970
5975
5980
5985
5990
5995
6000
6005
6010
6015
6020
6025
6030
6035
6040
6045
6050
6055
6060
6065
6070
6075
6080
6085
6090
6095
6100
6105
6110
6115
6120
6125
6130
6135
6140
6145
6150
6155
6160
6165
6170
6175
6180
6185
6190
6195
6200
6205
6210
6215
6220
6225
6230
6235
6240
6245
6250
6255
6260
6265
6270
6275
6280
6285
6290
6295
6300
6305
6310
6315
6320
6325
6330
6335
6340
6345
6350
6355
6360
6365
6370
6375
6380
6385
6390
6395
6400
6405
6410
6415
6420
6425
6430
6435
6440
6445
6450
6455
6460
6465
6470
6475
6480
6485
6490
6495
6500
6505
6510
6515
6520
6525
6530
6535
6540
6545
6550
6555
6560
6565
6570
6575
6580
6585
6590
6595
6600
6605
6610
6615
6620
6625
6630
6635
6640
6645
6650
6655
6660
6665
6670
6675
6680
6685
6690
6695
6700
6705
6710
6714
6718
6723
6728
6733
6738
6743
6748
6753
6758
6763
6768
6773
6778
6783
6788
6793
6798
6803
6808
6813
6818
6823
6828
6833
6838
6843
6848
6853
6858
6863
6868
6873
6878
6883
6888
6893
6898
6903
6908
6913
6918
6923
6928
6933
6938
6943
6948
6953
6958
6963
6968
6973
6978
6983
6988
6993
6998
7003
7008
7013
7018
7023
7028
7033
7038
7043
7048
7053
7058
7063
7068
7073
7078
7083
7088
7093
7098
7103
7108
7113
7118
7123
7128
7133
7138
7143
7148
7153
7158
7163
7168
7173
7178
7183
7188
7193
7198
7203
7208
7213
7218
7223
7228
7233
7238
7243
7248
7253
7258
7263
7268
7273
7278
7283
7288
7293
7298
7303
7308
7313
7318
7323
7328
7333
7338
7343
7348
7353
7358
7363
7368
7373
7378
7383
7388
7393
7398
7403
7408
7413
7418
7423
7428
7433
7438
7443
7448
7453
7458
7463
7468
7473
7477
7481
7486
7491
7496
7501
7506
7511
7516
7521
7526
7531
7536
7541
7546
7551
7556
7561
7566
7571
7576
7581
7586
7591
7596
7601
7606
7611
7616
7621
7626
7631
7636
7641
7646
7651
7656
7661
7666
7671
7676
7681
7686
7691
7696
7701
7706
7711
7716
7721
7726
7731
7736
7741
7746
7751
7756
7761
7766
7771
7776
7781
7786
7791
7796
7801
7806
7811
7816
7821
7826
7831
7836
7841
7846
7851
7856
7861
7866
7871
7876
7881
7886
7891
7896
7901
7906
7911
7916
7921
7926
7931
7936
7941
7946
7951
7956
7961
7966
7971
7976
7981
7986
7991
7996
8001
8006
8011
8016
8021
8026
8031
8036
8041
8046
8051
8056
8061
8066
8071
8076
8081
8086
8091
8096
8101
8106
8111
8116
8121
8126
8131
8136
8141
8146
8151
8156
8161
8166
8171
8176
8181
8186
8191
8196
8201
8206
8211
8216
8221
8226
8231
8236
8240
8244
8249
8254
8259
8264
8269
8274
8279
8284
8289
8294
8299
8304
8309
8314
8319
8324
8329
8334
8339
8344
8349
8354
8359
8364
8369
8374
8379
8384
8389
8394
8399
8404
8409
8414
8419
8424
8429
8434
8439
8444
8449
8454
8459
8464
8469
8474
8479
8484
8489
8494
8499
8504
8509
8514
8519
8524
8529
8534
8539
8544
8549
8554
8559
8564
8569
8574
8579
8584
8589
8594
8599
8604
8609
8614
8619
8624
8629
8634
8639
8644
8649
8654
8659
8664
8669
8674
8679
8684
8689
8694
8699
8704
8709
8714
8719
8724
8729
8734
8739
8744
8749
8754
8759
8764
8769
8774
8779
8784
8789
8794
8799
8804
8809
8814
8819
8824
8829
8834
8839
8844
8849
8854
8859
8864
8869
8874
8879
8884
8889
8894
8899
8904
8909
8914
8919
8924
8929
8934
8939
8944
8949
8954
8959
8964
8969
8974
8979
8984
8989
8994
8999
9003
9007
9012
9017
9022
9027
9032
9037
9042
9047
9052
9057
9062
9067
9072
9077
9082
9087
9092
9097
9102
9107
9112
9117
9122
9127
9132
9137
9142
9147
9152
9157
9162
9167
9172
9177
9182
9187
9192
9197
9202
9207
9212
9217
9222
9227
9232
9237
9242
9247
9252
9257
9262
9267
9272
9277
9282
9287
9292
9297
9302
9307
9312
9317
9322
9327
9332
9337
9342
9347
9352
9357
9362
9367
9372
9377
9382
9387
9392
9397
9402
9407
9412
9417
9422
9427
9432
9437
9442
9447
9452
9457
9462
9467
9472
9477
9482
9487
9492
9497
9502
9507
9512
9517
9522
9527
9532
9537
9542
9547
9552
9557
9562
9567
9572
9577
9582
9587
9592
9597
9602
9607
9612
9617
9622
9627
9632
9637
9642
9647
9652
9657
9662
9667
9672
9677
9682
9687
9692
9697
9702
9707
9712
9717
9722
9727
9732
9737
9742
9747
9752
9757
9762
9766
9770
9775
9780
9785
9790
9795
9800
9805
9810
9815
9820
9825
9830
9835
9840
9845
9850
9855
9860
9865
9870
9875
9880
9885
9890
9895
9900
9905
9910
9915
9920
9925
9930
9935
9940
9945
9950
9955
9960
9965
9970
9975
9980
9985
9990
9995
10000
10005
10010
10015
10020
10025
10030
10035
10040
10045
10050
10055
10060
10065
10070
10075
10080
10085
10090
10095
10100
10105
10110
10115
10120
10125
10130
10135
10140
10145
10150
10155
10160
10165
10170
10175
10180
10185
10190
10195
10200
10205
10210
10215
10220
10225
10230
10235
10240
10245
10250
10255
10260
10265
10270
10275
10280
10285
10290
10295
10300
10305
10310
10315
10320
10325
10330
10335
10340
10345
10350
10355
10360
10365
10370
10375
10380
10385
10390
10395
10400
10405
10410
10415
10420
10425
10430
10435
10440
10445
10450
10455
10460
10465
10470
10475
10480
10485
10490
10495
10500
10505
10510
10515
10520
10525
10529
10533
10538
10543
10548
10553
10558
10563
10568
10573
10578
10583
10588
10593
10598
10603
10608
10613
10618
10623
10628
10633
10638
10643
10648
10653
10658
10663
10668
10673
10678
10683
10688
10693
10698
10703
10708
10713
10718
10723
10728
10733
10738
10743
10748
10753
10758
10763
10768
10773
10778
10783
10788
10793
10798
10803
10808
10813
10818
10823
10828
10833
10838
10843
10848
10853
10858
10863
10868
10873
10878
10883
10888
10893
10898
10903
10908
10913
10918
10923
10928
10933
10938
10943
10948
10953
10958
10963
10968
10973
10978
10983
10988
10993
10998
11003
11008
11013
11018
11023
11028
11033
11038
11043
11048
11053
11058
11063
11068
11073
11078
11083
11088
11093
11098
11103
11108
11113
11118
11123
11128
11133
11138
11143
11148
11153
11158
11163
11168
11173
11178
11183
11188
11193
11198
11203
11208
11213
11218
11223
11228
11233
11238
11243
11248
11253
11258
11263
11268
11273
11278
11283
11288
11292
11296
11301
11306
11311
11316
11321
11326
11331
11336
11341
11346
11351
11356
11361
11366
11371
11376
11381
11386
11391
11396
11401
11406
11411
11416
11421
11426
11431
11436
11441
11446
11451
11456
11461
11466
11471
11476
11481
11486
11491
11496
11501
11506
11511
11516
11521
11526
11531
11536
11541
11546
11551
11556
11561
11566
11571
11576
11581
11586
11591
11596
11601
11606
11611
11616
11621
11626
11631
11636
11641
11646
11651
11656
11661
11666
11671
11676
11681
11686
11691
11696
11701
11706
11711
11716
11721
11726
11731
11736
11741
11746
11751
11756
11761
11766
11771
11776
11781
11786
11791
11796
11801
11806
11811
11816
11821
11826
11831
11836
11841
11846
11851
11856
11861
11866
11871
11876
11881
11886
11891
11896
11901
11906
11911
11916
11921
11926
11931
11936
11941
11946
11951
11956
11961
11966
11971
11976
11981
11986
11991
11996
12001
12006
12011
12016
12021
12026
12031
12036
12041
12046
12051
12055
12059
12064
12069
12074
12079
12084
12089
12094
12099
12104
12109
12114
12119
12124
12129
12134
12139
12144
12149
12154
12159
12164
12169
12174
12179
12184
12189
12194
12199
12204
12209
12214
12219
12224
12229
12234
12239
12244
12249
12254
12259
12264
12269
12274
12279
12284
12289
12294
12299
12304
12309
12314
12319
12324
12329
12334
12339
12344
12349
12354
12359
12364
12369
12374
12379
12384
12389
12394
12399
12404
12409
12414
12419
12424
12429
12434
12439
12444
12449
12454
12459
12464
12469
12474
12479
12484
12489
12494
12499
12504
12509
12514
12519
12524
12529
12534
12539
12544
12549
12554
12559
12564
12569
12574
12579
12584
12589
12594
12599
12604
12609
12614
12619
12624
12629
12634
12639
12644
12649
12654
12659
12664
12669
12674
12679
12684
12689
12694
12699
12704
12709
12714
12719
12724
12729
12734
12739
12744
12749
12754
12759
12764
12769
12774
12779
12784
12789
12794
12799
12804
12809
12814
12818
12822
12827
12832
12837
12842
12847
12852
12857
12862
12867
12872
12877
12882
12887
12892
12897
12902
12907
12912
12917
12922
12927
12932
12937
12942
12947
12952
12957
12962
12967
12972
12977
12982
12987
12992
12997
13002
13007
13012
13017
13022
13027
13032
13037
13042
13047
13052
13057
13062
13067
13072
13077
13082
13087
13092
13097
13102
13107
13112
13117
13122
13127
13132
13137
13142
13147
13152
13157
13162
13167
13172
13177
13182
13187
13192
13197
13202
13207
13212
13217
13222
13227
13232
13237
13242
13247
13252
13257
13262
13267
13272
13277
13282
13287
13292
13297
13302
13307
13312
13317
13322
13327
13332
13337
13342
13347
13352
13357
13362
13367
13372
13377
13382
13387
13392
13397
13402
13407
13412
13417
13422
13427
13432
13437
13442
13447
13452
13457
13462
13467
13472
13477
13482
13487
13492
13497
13502
13507
13512
13517
13522
13527
13532
13537
13542
13547
13552
13557
13562
13567
13572
13577
13581
13585
13590
13595
13600
13605
13610
13615
13620
13625
13630
13635
13640
13645
13650
13655
13660
13665
13670
13675
13680
13685
13690
13695
13700
13705
13710
13715
13720
13725
13730
13735
13740
13745
13750
13755
13760
13765
13770
13775
13780
13785
13790
13795
13800
13805
13810
13815
13820
13825
13830
13835
13840
13845
13850
13855
13860
13865
13870
13875
13880
13885
13890
13895
13900
13905
13910
13915
13920
13925
13930
13935
13940
13945
13950
13955
13960
13965
13970
13975
13980
13985
13990
13995
14000
14005
14010
14015
14020
14025
14030
14035
14040
14045
14050
14055
14060
14065
14070
14075
14080
14085
14090
14095
14100
14105
14110
14115
14120
14125
14130
14135
14140
14145
14150
14155
14160
14165
14170
14175
14180
14185
14190
14195
14200
14205
14210
14215
14220
14225
14230
14235
14240
14245
14250
14255
14260
14265
14270
14275
14280
14285
14290
14295
14300
14305
14310
14315
14320
14325
14330
14335
14340
14344
14348
14353
14358
14363
14368
14373
14378
14383
14388
14393
14398
14403
14408
14413
14418
14423
14428
14433
14438
14443
14448
14453
14458
14463
14468
14473
14478
14483
14488
14493
14498
14503
14508
14513
14518
14523
14528
14533
14538
14543
14548
14553
14558
14563
14568
14573
14578
14583
14588
14593
14598
14603
14608
14613
14618
14623
14628
14633
14638
14643
14648
14653
14658
14663
14668
14673
14678
14683
14688
14693
14698
14703
14708
14713
14718
14723
14728
14733
14738
14743
14748
14753
14758
14763
14768
14773
14778
14783
14788
14793
14798
14803
14808
14813
14818
14823
14828
14833
14838
14843
14848
14853
14858
14863
14868
14873
14878
14883
14888
14893
14898
14903
14908
14913
14918
14923
14928
14933
14938
14943
14948
14953
14958
14963
14968
14973
14978
14983
14988
14993
14998
15003
15008
15013
15018
15023
15028
15033
15038
15043
15048
15053
15058
15063
15068
15073
15078
15083
15088
15093
15098
15103
15107
15111
15116
15121
15126
15131
15136
15141
15146
15151
15156
15161
15166
15171
15176
15181
15186
15191
15196
15201
15206
15211
15216
15221
15226
15231
15236
15241
15246
15251
15256
15261
15266
15271
15276
15281
15286
15291
15296
15301
15306
15311
15316
15321
15326
15331
15336
15341
15346
15351
15356
15361
15366
15371
15376
15381
15386
15391
15396
15401
15406
15411
15416
15421
15426
15431
15436
15441
15446
15451
15456
15461
15466
15471
15476
15481
15486
15491
15496
15501
15506
15511
15516
15521
15526
15531
15536
15541
15546
15551
15556
15561
15566
15571
15576
15581
15586
15591
15596
15601
15606
15611
15616
15621
15626
15631
15636
15641
15646
15651
15656
15661
15666
15671
15676
15681
15686
15691
15696
15701
15706
15711
15716
15721
15726
15731
15736
15741
15746
15751
15756
15761
15766
15771
15776
15781
15786
15791
15796
15801
15806
15811
15816
15821
15826
15831
15836
15841
15846
15851
15856
15861
15866
15870
15874
15879
15884
15889
15894
15899
15904
15909
15914
15919
15924
15929
15934
15939
15944
15949
15954
15959
15964
15969
15974
15979
15984
15989
15994
15999
16004
16009
16014
16019
16024
16029
16034
16039
16044
16049
16054
16059
16064
16069
16074
16079
16084
16089
16094
16099
16104
16109
16114
16119
16124
16129
16134
16139
16144
16149
16154
16159
16164
16169
16174
16179
16184
16189
16194
16199
16204
16209
16214
16219
16224
16229
16234
16239
16244
16249
16254
16259
16264
16269
16274
16279
16284
16289
16294
16299
16304
16309
16314
16319
16324
16329
16334
16339
16344
16349
16354
16359
16364
16369
16374
16379
16384
16389
16394
16399
16404
16409
16414
16419
16424
16429
16434
16439
16444
16449
16454
16459
16464
16469
16474
16479
16484
16489
16494
16499
16504
16509
16514
16519
16524
16529
16534
16539
16544
16549
16554
16559
16564
16569
16574
16579
16584
16589
16594
16599
16604
16609
16614
16619
16624
16629
16633
16637
16642
16647
16652
16657
16662
16667
16672
16677
16682
16687
16692
16697
16702
16707
16712
16717
16722
16727
16732
16737
16742
16747
16752
16757
16762
16767
16772
16777
16782
16787
16792
16797
16802
16807
16812
16817
16822
16827
16832
16837
16842
16847
16852
16857
16862
16867
16872
16877
16882
16887
16892
16897
16902
16907
16912
16917
16922
16927
16932
16937
16942
16947
16952
16957
16962
16967
16972
16977
16982
16987
16992
16997
17002
17007
17012
17017
17022
17027
17032
17037
17042
17047
17052
17057
17062
17067
17072
17077
17082
17087
17092
17097
17102
17107
17112
17117
17122
17127
17132
17137
17142
17147
17152
17157
17162
17167
17172
17177
17182
17187
17192
17197
17202
17207
17212
17217
17222
17227
17232
17237
17242
17247
17252
17257
17262
17267
17272
17277
17282
17287
17292
17297
17302
17307
17312
17317
17322
17327
17332
17337
17342
17347
17352
17357
17362
17367
17372
17377
17382
17387
17392
17396
17400
17405
17410
17415
17420
17425
17430
17435
17440
17445
17450
17455
17460
17465
17470
17475
17480
17485
17490
17495
17500
17505
17510
17515
17520
17525
17530
17535
17540
17545
17550
17555
17560
17565
17570
17575
17580
17585
17590
17595
17600
17605
17610
17615
17620
17625
17630
17635
17640
17645
17650
17655
17660
17665
17670
17675
17680
17685
17690
17695
17700
17705
17710
17715
17720
17725
17730
17735
17740
17745
17750
17755
17760
17765
17770
17775
17780
17785
17790
17795
17800
17805
17810
17815
17820
17825
17830
17835
17840
17845
17850
17855
17860
17865
17870
17875
17880
17885
17890
17895
17900
17905
17910
17915
17920
17925
17930
17935
17940
17945
17950
17955
17960
17965
17970
17975
17980
17985
17990
17995
18000
18005
18010
18015
18020
18025
18030
18035
18040
18045
18050
18055
18060
18065
18070
18075
18080
18085
18090
18095
18100
18105
18110
18115
18120
18125
18130
18135
18140
18145
18150
18155
18159
18163
18168
18173
18178
18183
18188
18193
18198
18203
18208
18213
18218
18223
18228
18233
18238
18243
18248
18253
18258
18263
18268
18273
18278
18283
18288
18293
18298
18303
18308
18313
18318
18323
18328
18333
18338
18343
18348
18353
18358
18363
18368
18373
18378
18383
18388
18393
18398
18403
18408
18413
18418
18423
18428
18433
18438
18443
18448
18453
18458
18463
18468
18473
18478
18483
18488
18493
18498
18503
18508
18513
18518
18523
18528
18533
18538
18543
18548
18553
18558
18563
18568
18573
18578
18583
18588
18593
18598
18603
18608
18613
18618
18623
18628
18633
18638
18643
18648
18653
18658
18663
18668
18673
18678
18683
18688
18693
18698
18703
18708
18713
18718
18723
18728
18733
18738
18743
18748
18753
18758
18763
18768
18773
18778
18783
18788
18793
18798
18803
18808
18813
18818
18823
18828
18833
18838
18843
18848
18853
18858
18863
18868
18873
18878
18883
18888
18893
18898
18903
18908
18913
18918
18922
18926
18931
18936
18941
18946
18951
18956
18961
18966
18971
18976
18981
18986
18991
18996
19001
19006
19011
19016
19021
19026
19031
19036
19041
19046
19051
19056
19061
19066
19071
19076
19081
19086
19091
19096
19101
19106
19111
19116
19121
19126
19131
19136
19141
19146
19151
19156
19161
19166
19171
19176
19181
19186
19191
19196
19201
19206
19211
19216
19221
19226
19231
19236
19241
19246
19251
19256
19261
19266
19271
19276
19281
19286
19291
19296
19301
19306
19311
19316
19321
19326
19331
19336
19341
19346
19351
19356
19361
19366
19371
19376
19381
19386
19391
19396
19401
19406
19411
19416
19421
19426
19431
19436
19441
19446
19451
19456
19461
19466
19471
19476
19481
19486
19491
19496
19501
19506
19511
19516
19521
19526
19531
19536
19541
19546
19551
19556
19561
19566
19571
19576
19581
19586
19591
19596
19601
19606
19611
19616
19621
19626
19631
19636
19641
19646
19651
19656
19661
19666
19671
19676
19681
19685
19689
19694
19699
19704
19709
19714
19719
19724
19729
19734
19739
19744
19749
19754
19759
19764
19769
19774
19779
19784
19789
19794
19799
19804
19809
19814
19819
19824
19829
19834
19839
19844
19849
19854
19859
19864
19869
19874
19879
19884
19889
19894
19899
19904
19909
19914
19919
19924
19929
19934
19939
19944
19949
19954
19959
19964
19969
19974
19979
19984
19989
19994
19999
20004
20009
20014
20019
20024
20029
20034
20039
20044
20049
20054
20059
20064
20069
20074
20079
20084
20089
20094
20099
20104
20109
20114
20119
20124
20129
20134
20139
20144
20149
20154
20159
20164
20169
20174
20179
20184
20189
20194
20199
20204
20209
20214
20219
20224
20229
20234
20239
20244
20249
20254
20259
20264
20269
20274
20279
20284
20289
20294
20299
20304
20309
20314
20319
20324
20329
20334
20339
20344
20349
20354
20359
20364
20369
20374
20379
20384
20389
20394
20399
20404
20409
20414
20419
20424
20429
20434
20439
20444
20448
20452
20457
20462
20467
20472
20477
20482
20487
20492
20497
20502
20507
20512
20517
20522
20527
20532
20537
20542
20547
20552
20557
20562
20567
20572
20577
20582
20587
20592
20597
20602
20607
20612
20617
20622
20627
20632
20637
20642
20647
20652
20657
20662
20667
20672
20677
20682
20687
20692
20697
20702
20707
20712
20717
20722
20727
20732
20737
20742
20747
20752
20757
20762
20767
20772
20777
20782
20787
20792
20797
20802
20807
20812
20817
20822
20827
20832
20837
20842
20847
20852
20857
20862
20867
20872
20877
20882
20887
20892
20897
20902
20907
20912
20917
20922
20927
20932
20937
20942
20947
20952
20957
20962
20967
20972
20977
20982
20987
20992
20997
21002
21007
21012
21017
21022
21027
21032
21037
21042
21047
21052
21057
21062
21067
21072
21077
21082
21087
21092
21097
21102
21107
21112
21117
21122
21127
21132
21137
21142
21147
21152
21157
21162
21167
21172
21177
21182
21187
21192
21197
21202
21207
21211
21215
21220
21225
21230
21235
21240
21245
21250
21255
21260
21265
21270
21275
21280
21285
21290
21295
21300
21305
21310
21315
21320
21325
21330
21335
21340
21345
21350
21355
21360
21365
21370
21375
21380
21385
21390
21395
21400
21405
21410
21415
21420
21425
21430
21435
21440
21445
21450
21455
21460
21465
21470
21475
21480
21485
21490
21495
21500
21505
21510
21515
21520
21525
21530
21535
21540
21545
21550
21555
21560
21565
21570
21575
21580
21585
21590
21595
21600
21605
21610
21615
21620
21625
21630
21635
21640
21645
21650
21655
21660
21665
21670
21675
21680
21685
21690
21695
21700
21705
21710
21715
21720
21725
21730
21735
21740
21745
21750
21755
21760
21765
21770
21775
21780
21785
21790
21795
21800
21805
21810
21815
21820
21825
21830
21835
21840
21845
21850
21855
21860
21865
21870
21875
21880
21885
21890
21895
21900
21905
21910
21915
21920
21925
21930
21935
21940
21945
21950
21955
21960
21965
21970
21974
21978
21983
21988
21993
21998
22003
22008
22013
22018
22023
22028
22033
22038
22043
22048
22053
22058
22063
22068
22073
22078
22083
22088
22093
22098
22103
22108
22113
22118
22123
22128
22133
22138
22143
22148
22153
22158
22163
22168
22173
22178
22183
22188
22193
22198
22203
22208
22213
22218
22223
22228
22233
22238
22243
22248
22253
22258
22263
22268
22273
22278
22283
22288
22293
22298
22303
22308
22313
22318
22323
22328
22333
22338
22343
22348
22353
22358
22363
22368
22373
22378
22383
22388
22393
22398
22403
22408
22413
22418
22423
22428
22433
22438
22443
22448
22453
22458
22463
22468
22473
22478
22483
22488
22493
22498
22503
22508
22513
22518
22523
22528
22533
22538
22543
22548
22553
22558
22563
22568
22573
22578
22583
22588
22593
22598
22603
22608
22613
22618
22623
22628
22633
22638
22643
22648
22653
22658
22663
22668
22673
22678
22683
22688
22693
22698
22703
22708
22713
22718
22723
22728
22733
22737
22741
22746
22751
22756
22761
22766
22771
22776
22781
22786
22791
22796
22801
22806
22811
22816
22821
22826
22831
22836
22841
22846
22851
22856
22861
22866
22871
22876
22881
22886
22891
22896
22901
22906
22911
22916
22921
22926
22931
22936
22941
22946
22951
22956
22961
22966
22971
22976
22981
22986
22991
22996
23001
23006
23011
23016
23021
23026
23031
23036
23041
23046
23051
23056
23061
23066
23071
23076
23081
23086
23091
23096
23101
23106
23111
23116
23121
23126
23131
23136
23141
23146
23151
23156
23161
23166
23171
23176
23181
23186
23191
23196
23201
23206
23211
23216
23221
23226
23231
23236
23241
23246
23251
23256
23261
23266
23271
23276
23281
23286
23291
23296
23301
23306
23311
23316
23321
23326
23331
23336
23341
23346
23351
23356
23361
23366
23371
23376
23381
23386
23391
23396
23401
23406
23411
23416
23421
23426
23431
23436
23441
23446
23451
23456
23461
23466
23471
23476
23481
23486
23491
23496
23500
23504
23509
23514
23519
23524
23529
23534
23539
23544
23549
23554
23559
23564
23569
23574
23579
23584
23589
23594
23599
23604
23609
23614
23619
23624
23629
23634
23639
23644
23649
23654
23659
23664
23669
23674
23679
23684
23689
23694
23699
23704
23709
23714
23719
23724
23729
23734
23739
23744
23749
23754
23759
23764
23769
23774
23779
23784
23789
23794
23799
23804
23809
23814
23819
23824
23829
23834
23839
23844
23849
23854
23859
23864
23869
23874
23879
23884
23889
23894
23899
23904
23909
23914
23919
23924
23929
23934
23939
23944
23949
23954
23959
23964
23969
23974
23979
23984
23989
23994
23999
24004
24009
24014
24019
24024
24029
24034
24039
24044
24049
24054
24059
24064
24069
24074
24079
24084
24089
24094
24099
24104
24109
24114
24119
24124
24129
24134
24139
24144
24149
24154
24159
24164
24169
24174
24179
24184
24189
24194
24199
24204
24209
24214
24219
24224
24229
24234
24239
24244
24249
24254
24259
24263
24267
24272
24277
24282
24287
24292
24297
24302
24307
24312
24317
24322
24327
24332
24337
24342
24347
24352
24357
24362
24367
24372
24377
24382
24387
24392
24397
24402
24407
24412
24417
24422
24427
24432
24437
24442
24447
24452
24457
24462
24467
24472
24477
24482
24487
24492
24497
24502
24507
24512
24517
24522
24527
24532
24537
24542
24547
24552
24557
24562
24567
24572
24577
24582
24587
24592
24597
24602
24607
24612
24617
24622
24627
24632
24637
24642
24647
24652
24657
24662
24667
24672
24677
24682
24687
24692
24697
24702
24707
24712
24717
24722
24727
24732
24737
24742
24747
24752
24757
24762
24767
24772
24777
24782
24787
24792
24797
24802
24807
24812
24817
24822
24827
24832
24837
24842
24847
24852
24857
24862
24867
24872
24877
24882
24887
24892
24897
24902
24907
24912
24917
24922
24927
24932
24937
24942
24947
24952
24957
24962
24967
24972
24977
24982
24987
24992
24997
25002
25007
25012
25017
25022
25026
25030
25035
25040
25045
25050
25055
25060
25065
25070
25075
25080
25085
25090
25095
25100
25105
25110
25115
25120
25125
25130
25135
25140
25145
25150
25155
25160
25165
25170
25175
25180
25185
25190
25195
25200
25205
25210
25215
25220
25225
25230
25235
25240
25245
25250
25255
25260
25265
25270
25275
25280
25285
25290
25295
25300
25305
25310
25315
25320
25325
25330
25335
25340
25345
25350
25355
25360
25365
25370
25375
25380
25385
25390
25395
25400
25405
25410
25415
25420
25425
25430
25435
25440
25445
25450
25455
25460
25465
25470
25475
25480
25485
25490
25495
25500
25505
25510
25515
25520
25525
25530
25535
25540
25545
25550
25555
25560
25565
25570
25575
25580
25585
25590
25595
25600
25605
25610
25615
25620
25625
25630
25635
25640
25645
25650
25655
25660
25665
25670
25675
25680
25685
25690
25695
25700
25705
25710
25715
25720
25725
25730
25735
25740
25745
25750
25755
25760
25765
25770
25775
25780
25785
25789
25793
25798
25803
25808
25813
25818
25823
25828
25833
25838
25843
25848
25853
25858
25863
25868
25873
25878
25883
25888
25893
25898
25903
25908
25913
25918
25923
25928
25933
25938
25943
25948
25953
25958
25963
25968
25973
25978
25983
25988
25993
25998
26003
26008
26013
26018
26023
26028
26033
26038
26043
26048
26053
26058
26063
26068
26073
26078
26083
26088
26093
26098
26103
26108
26113
26118
26123
26128
26133
26138
26143
26148
26153
26158
26163
26168
26173
26178
26183
26188
26193
26198
26203
26208
26213
26218
26223
26228
26233
26238
26243
26248
26253
26258
26263
26268
26273
26278
26283
26288
26293
26298
26303
26308
26313
26318
26323
26328
26333
26338
26343
26348
26353
26358
26363
26368
26373
26378
26383
26388
26393
26398
26403
26408
26413
26418
26423
26428
26433
26438
26443
26448
26453
26458
26463
26468
26473
26478
26483
26488
26493
26498
26503
26508
26513
26518
26523
26528
26533
26538
26543
26548
26552
26556
26561
26566
26571
26576
26581
26586
26591
26596
26601
26606
26611
26616
26621
26626
26631
26636
26641
26646
26651
26656
26661
26666
26671
26676
26681
26686
26691
26696
26701
26706
26711
26716
26721
26726
26731
26736
26741
26746
26751
26756
26761
26766
26771
26776
26781
26786
26791
26796
26801
26806
26811
26816
26821
26826
26831
26836
26841
26846
26851
26856
26861
26866
26871
26876
26881
26886
26891
26896
26901
26906
26911
26916
26921
26926
26931
26936
26941
26946
26951
26956
26961
26966
26971
26976
26981
26986
26991
26996
27001
27006
27011
27016
27021
27026
27031
27036
27041
27046
27051
27056
27061
27066
27071
27076
27081
27086
27091
27096
27101
27106
27111
27116
27121
27126
27131
27136
27141
27146
27151
27156
27161
27166
27171
27176
27181
27186
27191
27196
27201
27206
27211
27216
27221
27226
27231
27236
27241
27246
27251
27256
27261
27266
27271
27276
27281
27286
27291
27296
27301
27306
27311
27315
27319
27324
27329
27334
27339
27344
27349
27354
27359
27364
27369
27374
27379
27384
27389
27394
27399
27404
27409
27414
27419
27424
27429
27434
27439
27444
27449
27454
27459
27464
27469
27474
27479
27484
27489
27494
27499
27504
27509
27514
27519
27524
27529
27534
27539
27544
27549
27554
27559
27564
27569
27574
27579
27584
27589
27594
27599
27604
27609
27614
27619
27624
27629
27634
27639
27644
27649
27654
27659
27664
27669
27674
27679
27684
27689
27694
27699
27704
27709
27714
27719
27724
27729
27734
27739
27744
27749
27754
27759
27764
27769
27774
27779
27784
27789
27794
27799
27804
27809
27814
27819
27824
27829
27834
27839
27844
27849
27854
27859
27864
27869
27874
27879
27884
27889
27894
27899
27904
27909
27914
27919
27924
27929
27934
27939
27944
27949
27954
27959
27964
27969
27974
27979
27984
27989
27994
27999
28004
28009
28014
28019
28024
28029
28034
28039
28044
28049
28054
28059
28064
28069
28074
28078
28082
28087
28092
28097
28102
28107
28112
28117
28122
28127
28132
28137
28142
28147
28152
28157
28162
28167
28172
28177
28182
28187
28192
28197
28202
28207
28212
28217
28222
28227
28232
28237
28242
28247
28252
28257
28262
28267
28272
28277
28282
28287
28292
28297
28302
28307
28312
28317
28322
28327
28332
28337
28342
28347
28352
28357
28362
28367
28372
28377
28382
28387
28392
28397
28402
28407
28412
28417
28422
28427
28432
28437
28442
28447
28452
28457
28462
28467
28472
28477
28482
28487
28492
28497
28502
28507
28512
28517
28522
28527
28532
28537
28542
28547
28552
28557
28562
28567
28572
28577
28582
28587
28592
28597
28602
28607
28612
28617
28622
28627
28632
28637
28642
28647
28652
28657
28662
28667
28672
28677
28682
28687
28692
28697
28702
28707
28712
28717
28722
28727
28732
28737
28742
28747
28752
28757
28762
28767
28772
28777
28782
28787
28792
28797
28802
28807
28812
28817
28822
28827
28832
28837
28841
28845
28850
28855
28860
28865
28870
28875
28880
28885
28890
28895
28900
28905
28910
28915
28920
28925
28930
28935
28940
28945
28950
28955
28960
28965
28970
28975
28980
28985
28990
28995
29000
29005
29010
29015
29020
29025
29030
29035
29040
29045
29050
29055
29060
29065
29070
29075
29080
29085
29090
29095
29100
29105
29110
29115
29120
29125
29130
29135
29140
29145
29150
29155
29160
29165
29170
29175
29180
29185
29190
29195
29200
29205
29210
29215
29220
29225
29230
29235
29240
29245
29250
29255
29260
29265
29270
29275
29280
29285
29290
29295
29300
29305
29310
29315
29320
29325
29330
29335
29340
29345
29350
29355
29360
29365
29370
29375
29380
29385
29390
29395
29400
29405
29410
29415
29420
29425
29430
29435
29440
29445
29450
29455
29460
29465
29470
29475
29480
29485
29490
29495
29500
29505
29510
29515
29520
29525
29530
29535
29540
29545
29550
29555
29560
29565
29570
29575
29580
29585
29590
29595
29600
29604
29608
29613
29618
29623
29628
29633
29638
29643
29648
29653
29658
29663
29668
29673
29678
29683
29688
29693
29698
29703
29708
29713
29718
29723
29728
29733
29738
29743
29748
29753
29758
29763
29768
29773
29778
29783
29788
29793
29798
29803
29808
29813
29818
29823
29828
29833
29838
29843
29848
29853
29858
29863
29868
29873
29878
29883
29888
29893
29898
29903
29908
29913
29918
29923
29928
29933
29938
29943
29948
29953
29958
29963
29968
29973
29978
29983
29988
29993
29998
30003
30008
30013
30018
30023
30028
30033
30038
30043
30048
30053
30058
30063
30068
30073
30078
30083
30088
30093
30098
30103
30108
30113
30118
30123
30128
30133
30138
30143
30148
30153
30158
30163
30168
30173
30178
30183
30188
30193
30198
30203
30208
30213
30218
30223
30228
30233
30238
30243
30248
30253
30258
30263
30268
30273
30278
30283
30288
30293
30298
30303
30308
30313
30318
30323
30328
30333
30338
30343
30348
30353
30358
30363
30367
30371
30376
30381
30386
30391
30396
30401
30406
30411
30416
30421
30426
30431
30436
30441
30446
30451
30456
30461
30466
30471
30476
30481
30486
30491
30496
30501
30506
30511
30516
30521
30526
30531
30536
30541
30546
30551
30556
30561
30566
30571
30576
30581
30586
30591
30596
30601
30606
30611
30616
30621
30626
30631
30636
30641
30646
30651
30656
30661
30666
30671
30676
30681
30686
30691
30696
30701
30706
30711
30716
30721
30726
30731
30736
30741
30746
30751
30756
30761
30766
30771
30776
30781
30786
30791
30796
30801
30806
30811
30816
30821
30826
30831
30836
30841
30846
30851
30856
30861
30866
30871
30876
30881
30886
30891
30896
30901
30906
30911
30916
30921
30926
30931
30936
30941
30946
30951
30956
30961
30966
30971
30976
30981
30986
30991
30996
31001
31006
31011
31016
31021
31026
31031
31036
31041
31046
31051
31056
31061
31066
31071
31076
31081
31086
31091
31096
31101
31106
31111
31116
31121
31126
31130
31134
31139
31144
31149
31154
31159
31164
31169
31174
31179
31184
31189
31194
31199
31204
31209
31214
31219
31224
31229
31234
31239
31244
31249
31254
31259
31264
31269
31274
31279
31284
31289
31294
31299
31304
31309
31314
31319
31324
31329
31334
31339
31344
31349
31354
31359
31364
31369
31374
31379
31384
31389
31394
31399
31404
31409
31414
31419
31424
31429
31434
31439
31444
31449
31454
31459
31464
31469
31474
31479
31484
31489
31494
31499
31504
31509
31514
31519
31524
31529
31534
31539
31544
31549
31554
31559
31564
31569
31574
31579
31584
31589
31594
31599
31604
31609
31614
31619
31624
31629
31634
31639
31644
31649
31654
31659
31664
31669
31674
31679
31684
31689
31694
31699
31704
31709
31714
31719
31724
31729
31734
31739
31744
31749
31754
31759
31764
31769
31774
31779
31784
31789
31794
31799
31804
31809
31814
31819
31824
31829
31834
31839
31844
31849
31854
31859
31864
31869
31874
31879
31884
31889
31893
31897
31902
31907
31912
31917
31922
31927
31932
31937
31942
31947
31952
31957
31962
31967
31972
31977
31982
31987
31992
31997
32002
32007
32012
32017
32022
32027
32032
32037
32042
32047
32052
32057
32062
32067
32072
32077
32082
32087
32092
32097
32102
32107
32112
32117
32122
32127
32132
32137
32142
32147
32152
32157
32162
32167
32172
32177
32182
32187
32192
32197
32202
32207
32212
32217
32222
32227
32232
32237
32242
32247
32252
32257
32262
32267
32272
32277
32282
32287
32292
32297
32302
32307
32312
32317
32322
32327
32332
32337
32342
32347
32352
32357
32362
32367
32372
32377
32382
32387
32392
32397
32402
32407
32412
32417
32422
32427
32432
32437
32442
32447
32452
32457
32462
32467
32472
32477
32482
32487
32492
32497
32502
32507
32512
32517
32522
32527
32532
32537
32542
32547
32552
32557
32562
32567
32572
32577
32582
32587
32592
32597
32602
32607
32612
32617
32622
32627
32632
32637
32642
32647
32652
32656
32660
32665
32670
32675
32680
32685
32690
32695
32700
32705
32710
32715
32720
32725
32730
32735
32740
32745
32750
32755
32760
32765
32770
32775
32780
32785
32790
32795
32800
32805
32810
32815
32820
32825
32830
32835
32840
32845
32850
32855
32860
32865
32870
32875
32880
32885
32890
32895
32900
32905
32910
32915
32920
32925
32930
32935
32940
32945
32950
32955
32960
32965
32970
32975
32980
32985
32990
32995
33000
33005
33010
33015
33020
33025
33030
33035
33040
33045
33050
33055
33060
33065
33070
33075
33080
33085
33090
33095
33100
33105
33110
33115
33120
33125
33130
33135
33140
33145
33150
33155
33160
33165
33170
33175
33180
33185
33190
33195
33200
33205
33210
33215
33220
33225
33230
33235
33240
33245
33250
33255
33260
33265
33270
33275
33280
33285
33290
33295
33300
33305
33310
33315
33320
33325
33330
33335
33340
33345
33350
33355
33360
33365
33370
33375
33380
33385
33390
33395
33400
33405
33410
33415
33419
33423
33428
33433
33438
33443
33448
33453
33458
33463
33468
33473
33478
33483
33488
33493
33498
33503
33508
33513
33518
33523
33528
33533
33538
33543
33548
33553
33558
33563
33568
33573
33578
33583
33588
33593
33598
33603
33608
33613
33618
33623
33628
33633
33638
33643
33648
33653
33658
33663
33668
33673
33678
33683
33688
33693
33698
33703
33708
33713
33718
33723
33728
33733
33738
33743
33748
33753
33758
33763
33768
33773
33778
33783
33788
33793
33798
33803
33808
33813
33818
33823
33828
33833
33838
33843
33848
33853
33858
33863
33868
33873
33878
33883
33888
33893
33898
33903
33908
33913
33918
33923
33928
33933
33938
33943
33948
33953
33958
33963
33968
33973
33978
33983
33988
33993
33998
34003
34008
34013
34018
34023
34028
34033
34038
34043
34048
34053
34058
34063
34068
34073
34078
34083
34088
34093
34098
34103
34108
34113
34118
34123
34128
34133
34138
34143
34148
34153
34158
34163
34168
34173
34178
34182
34186
34191
34196
34201
34206
34211
34216
34221
34226
34231
34236
34241
34246
34251
34256
34261
34266
34271
34276
34281
34286
34291
34296
34301
34306
34311
34316
34321
34326
34331
34336
34341
34346
34351
34356
34361
34366
34371
34376
34381
34386
34391
34396
34401
34406
34411
34416
34421
34426
34431
34436
34441
34446
34451
34456
34461
34466
34471
34476
34481
34486
34491
34496
34501
34506
34511
34516
34521
34526
34531
34536
34541
34546
34551
34556
34561
34566
34571
34576
34581
34586
34591
34596
34601
34606
34611
34616
34621
34626
34631
34636
34641
34646
34651
34656
34661
34666
34671
34676
34681
34686
34691
34696
34701
34706
34711
34716
34721
34726
34731
34736
34741
34746
34751
34756
34761
34766
34771
34776
34781
34786
34791
34796
34801
34806
34811
34816
34821
34826
34831
34836
34841
34846
34851
34856
34861
34866
34871
34876
34881
34886
34891
34896
34901
34906
34911
34916
34921
34926
34931
34936
34941
34945
34949
34954
34959
34964
34969
34974
34979
34984
34989
34994
34999
35004
35009
35014
35019
35024
35029
35034
35039
35044
35049
35054
35059
35064
35069
35074
35079
35084
35089
35094
35099
35104
35109
35114
35119
35124
35129
35134
35139
35144
35149
35154
35159
35164
35169
35174
35179
35184
35189
35194
35199
35204
35209
35214
35219
35224
35229
35234
35239
35244
35249
35254
35259
35264
35269
35274
35279
35284
35289
35294
35299
35304
35309
35314
35319
35324
35329
35334
35339
35344
35349
35354
35359
35364
35369
35374
35379
35384
35389
35394
35399
35404
35409
35414
35419
35424
35429
35434
35439
35444
35449
35454
35459
35464
35469
35474
35479
35484
35489
35494
35499
35504
35509
35514
35519
35524
35529
35534
35539
35544
35549
35554
35559
35564
35569
35574
35579
35584
35589
35594
35599
35604
35609
35614
35619
35624
35629
35634
35639
35644
35649
35654
35659
35664
35669
35674
35679
35684
35689
35694
35699
35704
35708
35712
35717
35722
35727
35732
35737
35742
35747
35752
35757
35762
35767
35772
35777
35782
35787
35792
35797
35802
35807
35812
35817
35822
35827
35832
35837
35842
35847
35852
35857
35862
35867
35872
35877
35882
35887
35892
35897
35902
35907
35912
35917
35922
35927
35932
35937
35942
35947
35952
35957
35962
35967
35972
35977
35982
35987
35992
35997
36002
36007
36012
36017
36022
36027
36032
36037
36042
36047
36052
36057
36062
36067
36072
36077
36082
36087
36092
36097
36102
36107
36112
36117
36122
36127
36132
36137
36142
36147
36152
36157
36162
36167
36172
36177
36182
36187
36192
36197
36202
36207
36212
36217
36222
36227
36232
36237
36242
36247
36252
36257
36262
36267
36272
36277
36282
36287
36292
36297
36302
36307
36312
36317
36322
36327
36332
36337
36342
36347
36352
36357
36362
36367
36372
36377
36382
36387
36392
36397
36402
36407
36412
36417
36422
36427
36432
36437
36442
36447
36452
36457
36462
36467
36471
36475
36480
36485
36490
36495
36500
36505
36510
36515
36520
36525
36530
36535
36540
36545
36550
36555
36560
36565
36570
36575
36580
36585
36590
36595
36600
36605
36610
36615
36620
36625
36630
36635
36640
36645
36650
36655
36660
36665
36670
36675
36680
36685
36690
36695
36700
36705
36710
36715
36720
36725
36730
36735
36740
36745
36750
36755
36760
36765
36770
36775
36780
36785
36790
36795
36800
36805
36810
36815
36820
36825
36830
36835
36840
36845
36850
36855
36860
36865
36870
36875
36880
36885
36890
36895
36900
36905
36910
36915
36920
36925
36930
36935
36940
36945
36950
36955
36960
36965
36970
36975
36980
36985
36990
36995
37000
37005
37010
37015
37020
37025
37030
37035
37040
37045
37050
37055
37060
37065
37070
37075
37080
37085
37090
37095
37100
37105
37110
37115
37120
37125
37130
37135
37140
37145
37150
37155
37160
37165
37170
37175
37180
37185
37190
37195
37200
37205
37210
37215
37220
37225
37230
37234
37238
37243
37248
37253
37258
37263
37268
37273
37278
37283
37288
37293
37298
37303
37308
37313
37318
37323
37328
37333
37338
37343
37348
37353
37358
37363
37368
37373
37378
37383
37388
37393
37398
37403
37408
37413
37418
37423
37428
37433
37438
37443
37448
37453
37458
37463
37468
37473
37478
37483
37488
37493
37498
37503
37508
37513
37518
37523
37528
37533
37538
37543
37548
37553
37558
37563
37568
37573
37578
37583
37588
37593
37598
37603
37608
37613
37618
37623
37628
37633
37638
37643
37648
37653
37658
37663
37668
37673
37678
37683
37688
37693
37698
37703
37708
37713
37718
37723
37728
37733
37738
37743
37748
37753
37758
37763
37768
37773
37778
37783
37788
37793
37798
37803
37808
37813
37818
37823
37828
37833
37838
37843
37848
37853
37858
37863
37868
37873
37878
37883
37888
37893
37898
37903
37908
37913
37918
37923
37928
37933
37938
37943
37948
37953
37958
37963
37968
37973
37978
37983
37988
37993
37997
38001
38006
38011
38016
38021
38026
38031
38036
38041
38046
38051
38056
38061
38066
38071
38076
38081
38086
38091
38096
38101
38106
38111
38116
38121
38126
38131
38136
38141
38146
38151
38156
38161
38166
38171
38176
38181
38186
38191
38196
38201
38206
38211
38216
38221
38226
38231
38236
38241
38246
38251
38256
38261
38266
38271
38276
38281
38286
38291
38296
38301
38306
38311
38316
38321
38326
38331
38336
38341
38346
38351
38356
38361
38366
38371
38376
38381
38386
38391
38396
38401
38406
38411
38416
38421
38426
38431
38436
38441
38446
38451
38456
38461
38466
38471
38476
38481
38486
38491
38496
38501
38506
38511
38516
38521
38526
38531
38536
38541
38546
38551
38556
38561
38566
38571
38576
38581
38586
38591
38596
38601
38606
38611
38616
38621
38626
38631
38636
38641
38646
38651
38656
38661
38666
38671
38676
38681
38686
38691
38696
38701
38706
38711
38716
38721
38726
38731
38736
38741
38746
38751
38756
38760
38764
38769
38774
38779
38784
38789
38794
38799
38804
38809
38814
38819
38824
38829
38834
38839
38844
38849
38854
38859
38864
38869
38874
38879
38884
38889
38894
38899
38904
38909
38914
38919
38924
38929
38934
38939
38944
38949
38954
38959
38964
38969
38974
38979
38984
38989
38994
38999
39004
39009
39014
39019
39024
39029
39034
39039
39044
39049
39054
39059
39064
39069
39074
39079
39084
39089
39094
39099
39104
39109
39114
39119
39124
39129
39134
39139
39144
39149
39154
39159
39164
39169
39174
39179
39184
39189
39194
39199
39204
39209
39214
39219
39224
39229
39234
39239
39244
39249
39254
39259
39264
39269
39274
39279
39284
39289
39294
39299
39304
39309
39314
39319
39324
39329
39334
39339
39344
39349
39354
39359
39364
39369
39374
39379
39384
39389
39394
39399
39404
39409
39414
39419
39424
39429
39434
39439
39444
39449
39454
39459
39464
39469
39474
39479
39484
39489
39494
39499
39504
39509
39514
39519
39523
39527
39532
39537
39542
39547
39552
39557
39562
39567
39572
39577
39582
39587
39592
39597
39602
39607
39612
39617
39622
39627
39632
39637
39642
39647
39652
39657
39662
39667
39672
39677
39682
39687
39692
39697
39702
39707
39712
39717
39722
39727
39732
39737
39742
39747
39752
39757
39762
39767
39772
39777
39782
39787
39792
39797
39802
39807
39812
39817
39822
39827
39832
39837
39842
39847
39852
39857
39862
39867
39872
39877
39882
39887
39892
39897
39902
39907
39912
39917
39922
39927
39932
39937
39942
39947
39952
39957
39962
39967
39972
39977
39982
39987
39992
39997
40002
40007
40012
40017
40022
40027
40032
40037
40042
40047
40052
40057
40062
40067
40072
40077
40082
40087
40092
40097
40102
40107
40112
40117
40122
40127
40132
40137
40142
40147
40152
40157
40162
40167
40172
40177
40182
40187
40192
40197
40202
40207
40212
40217
40222
40227
40232
40237
40242
40247
40252
40257
40262
40267
40272
40277
40282
40286
40290
40295
40300
40305
40310
40315
40320
40325
40330
40335
40340
40345
40350
40355
40360
40365
40370
40375
40380
40385
40390
40395
40400
40405
40410
40415
40420
40425
40430
40435
40440
40445
40450
40455
40460
40465
40470
40475
40480
40485
40490
40495
40500
40505
40510
40515
40520
40525
40530
40535
40540
40545
40550
40555
40560
40565
40570
40575
40580
40585
40590
40595
40600
40605
40610
40615
40620
40625
40630
40635
40640
40645
40650
40655
40660
40665
40670
40675
40680
40685
40690
40695
40700
40705
40710
40715
40720
40725
40730
40735
40740
40745
40750
40755
40760
40765
40770
40775
40780
40785
40790
40795
40800
40805
40810
40815
40820
40825
40830
40835
40840
40845
40850
40855
40860
40865
40870
40875
40880
40885
40890
40895
40900
40905
40910
40915
40920
40925
40930
40935
40940
40945
40950
40955
40960
40965
40970
40975
40980
40985
40990
40995
41000
41005
41010
41015
41020
41025
41030
41035
41040
41045
41049
41053
41058
41063
41068
41073
41078
41083
41088
41093
41098
41103
41108
41113
41118
41123
41128
41133
41138
41143
41148
41153
41158
41163
41168
41173
41178
41183
41188
41193
41198
41203
41208
41213
41218
41223
41228
41233
41238
41243
41248
41253
41258
41263
41268
41273
41278
41283
41288
41293
41298
41303
41308
41313
41318
41323
41328
41333
41338
41343
41348
41353
41358
41363
41368
41373
41378
41383
41388
41393
41398
41403
41408
41413
41418
41423
41428
41433
41438
41443
41448
41453
41458
41463
41468
41473
41478
41483
41488
41493
41498
41503
41508
41513
41518
41523
41528
41533
41538
41543
41548
41553
41558
41563
41568
41573
41578
41583
41588
41593
41598
41603
41608
41613
41618
41623
41628
41633
41638
41643
41648
41653
41658
41663
41668
41673
41678
41683
41688
41693
41698
41703
41708
41713
41718
41723
41728
41733
41738
41743
41748
41753
41758
41763
41768
41773
41778
41783
41788
41793
41798
41803
41808
41812
41816
41821
41826
41831
41836
41841
41846
41851
41856
41861
41866
41871
41876
41881
41886
41891
41896
41901
41906
41911
41916
41921
41926
41931
41936
41941
41946
41951
41956
41961
41966
41971
41976
41981
41986
41991
41996
42001
42006
42011
42016
42021
42026
42031
42036
42041
42046
42051
42056
42061
42066
42071
42076
42081
42086
42091
42096
42101
42106
42111
42116
42121
42126
42131
42136
42141
42146
42151
42156
42161
42166
42171
42176
42181
42186
42191
42196
42201
42206
42211
42216
42221
42226
42231
42236
42241
42246
42251
42256
42261
42266
42271
42276
42281
42286
42291
42296
42301
42306
42311
42316
42321
42326
42331
42336
42341
42346
42351
42356
42361
42366
42371
42376
42381
42386
42391
42396
42401
42406
42411
42416
42421
42426
42431
42436
42441
42446
42451
42456
42461
42466
42471
42476
42481
42486
42491
42496
42501
42506
42511
42516
42521
42526
42531
42536
42541
42546
42551
42556
42561
42566
42571
42575
42579
42584
42589
42594
42599
42604
42609
42614
42619
42624
42629
42634
42639
42644
42649
42654
42659
42664
42669
42674
42679
42684
42689
42694
42699
42704
42709
42714
42719
42724
42729
42734
42739
42744
42749
42754
42759
42764
42769
42774
42779
42784
42789
42794
42799
42804
42809
42814
42819
42824
42829
42834
42839
42844
42849
42854
42859
42864
42869
42874
42879
42884
42889
42894
42899
42904
42909
42914
42919
42924
42929
42934
42939
42944
42949
42954
42959
42964
42969
42974
42979
42984
42989
42994
42999
43004
43009
43014
43019
43024
43029
43034
43039
43044
43049
43054
43059
43064
43069
43074
43079
43084
43089
43094
43099
43104
43109
43114
43119
43124
43129
43134
43139
43144
43149
43154
43159
43164
43169
43174
43179
43184
43189
43194
43199
43204
43209
43214
43219
43224
43229
43234
43239
43244
43249
43254
43259
43264
43269
43274
43279
43284
43289
43294
43299
43304
43309
43314
43319
43324
43329
43334
43338
43342
43347
43352
43357
43362
43367
43372
43377
43382
43387
43392
43397
43402
43407
43412
43417
43422
43427
43432
43437
43442
43447
43452
43457
43462
43467
43472
43477
43482
43487
43492
43497
43502
43507
43512
43517
43522
43527
43532
43537
43542
43547
43552
43557
43562
43567
43572
43577
43582
43587
43592
43597
43602
43607
43612
43617
43622
43627
43632
43637
43642
43647
43652
43657
43662
43667
43672
43677
43682
43687
43692
43697
43702
43707
43712
43717
43722
43727
43732
43737
43742
43747
43752
43757
43762
43767
43772
43777
43782
43787
43792
43797
43802
43807
43812
43817
43822
43827
43832
43837
43842
43847
43852
43857
43862
43867
43872
43877
43882
43887
43892
43897
43902
43907
43912
43917
43922
43927
43932
43937
43942
43947
43952
43957
43962
43967
43972
43977
43982
43987
43992
43997
44002
44007
44012
44017
44022
44027
44032
44037
44042
44047
44052
44057
44062
44067
44072
44077
44082
44087
44092
44097
44101
44105
44110
44115
44120
44125
44130
44135
44140
44145
44150
44155
44160
44165
44170
44175
44180
44185
44190
44195
44200
44205
44210
44215
44220
44225
44230
44235
44240
44245
44250
44255
44260
44265
44270
44275
44280
44285
44290
44295
44300
44305
44310
44315
44320
44325
44330
44335
44340
44345
44350
44355
44360
44365
44370
44375
44380
44385
44390
44395
44400
44405
44410
44415
44420
44425
44430
44435
44440
44445
44450
44455
44460
44465
44470
44475
44480
44485
44490
44495
44500
44505
44510
44515
44520
44525
44530
44535
44540
44545
44550
44555
44560
44565
44570
44575
44580
44585
44590
44595
44600
44605
44610
44615
44620
44625
44630
44635
44640
44645
44650
44655
44660
44665
44670
44675
44680
44685
44690
44695
44700
44705
44710
44715
44720
44725
44730
44735
44740
44745
44750
44755
44760
44765
44770
44775
44780
44785
44790
44795
44800
44805
44810
44815
44820
44825
44830
44835
44840
44845
44850
44855
44860
44864
44868
44873
44878
44883
44888
44893
44898
44903
44908
44913
44918
44923
44928
44933
44938
44943
44948
44953
44958
44963
44968
44973
44978
44983
44988
44993
44998
45003
45008
45013
45018
45023
45028
45033
45038
45043
45048
45053
45058
45063
45068
45073
45078
45083
45088
45093
45098
45103
45108
45113
45118
45123
45128
45133
45138
45143
45148
45153
45158
45163
45168
45173
45178
45183
45188
45193
45198
45203
45208
45213
45218
45223
45228
45233
45238
45243
45248
45253
45258
45263
45268
45273
45278
45283
45288
45293
45298
45303
45308
45313
45318
45323
45328
45333
45338
45343
45348
45353
45358
45363
45368
45373
45378
45383
45388
45393
45398
45403
45408
45413
45418
45423
45428
45433
45438
45443
45448
45453
45458
45463
45468
45473
45478
45483
45488
45493
45498
45503
45508
45513
45518
45523
45528
45533
45538
45543
45548
45553
45558
45563
45568
45573
45578
45583
45588
45593
45598
45603
45608
45613
45618
45623
45627
45631
45636
45641
45646
45651
45656
45661
45666
45671
45676
45681
45686
45691
45696
45701
45706
45711
45716
45721
45726
45731
45736
45741
45746
45751
45756
45761
45766
45771
45776
45781
45786
45791
45796
45801
45806
45811
45816
45821
45826
45831
45836
45841
45846
45851
45856
45861
45866
45871
45876
45881
45886
45891
45896
45901
45906
45911
45916
45921
45926
45931
45936
45941
45946
45951
45956
45961
45966
45971
45976
45981
45986
45991
45996
46001
46006
46011
46016
46021
46026
46031
46036
46041
46046
46051
46056
46061
46066
46071
46076
46081
46086
46091
46096
46101
46106
46111
46116
46121
46126
46131
46136
46141
46146
46151
46156
46161
46166
46171
46176
46181
46186
46191
46196
46201
46206
46211
46216
46221
46226
46231
46236
46241
46246
46251
46256
46261
46266
46271
46276
46281
46286
46291
46296
46301
46306
46311
46316
46321
46326
46331
46336
46341
46346
46351
46356
46361
46366
46371
46376
46381
46386
46390
46394
46399
46404
46409
46414
46419
46424
46429
46434
46439
46444
46449
46454
46459
46464
46469
46474
46479
46484
46489
46494
46499
46504
46509
46514
46519
46524
46529
46534
46539
46544
46549
46554
46559
46564
46569
46574
46579
46584
46589
46594
46599
46604
46609
46614
46619
46624
46629
46634
46639
46644
46649
46654
46659
46664
46669
46674
46679
46684
46689
46694
46699
46704
46709
46714
46719
46724
46729
46734
46739
46744
46749
46754
46759
46764
46769
46774
46779
46784
46789
46794
46799
46804
46809
46814
46819
46824
46829
46834
46839
46844
46849
46854
46859
46864
46869
46874
46879
46884
46889
46894
46899
46904
46909
46914
46919
46924
46929
46934
46939
46944
46949
46954
46959
46964
46969
46974
46979
46984
46989
46994
46999
47004
47009
47014
47019
47024
47029
47034
47039
47044
47049
47054
47059
47064
47069
47074
47079
47084
47089
47094
47099
47104
47109
47114
47119
47124
47129
47134
47139
47144
47149
47153
47157
47162
47167
47172
47177
47182
47187
47192
47197
47202
47207
47212
47217
47222
47227
47232
47237
47242
47247
47252
47257
47262
47267
47272
47277
47282
47287
47292
47297
47302
47307
47312
47317
47322
47327
47332
47337
47342
47347
47352
47357
47362
47367
47372
47377
47382
47387
47392
47397
47402
47407
47412
47417
47422
47427
47432
47437
47442
47447
47452
47457
47462
47467
47472
47477
47482
47487
47492
47497
47502
47507
47512
47517
47522
47527
47532
47537
47542
47547
47552
47557
47562
47567
47572
47577
47582
47587
47592
47597
47602
47607
47612
47617
47622
47627
47632
47637
47642
47647
47652
47657
47662
47667
47672
47677
47682
47687
47692
47697
47702
47707
47712
47717
47722
47727
47732
47737
47742
47747
47752
47757
47762
47767
47772
47777
47782
47787
47792
47797
47802
47807
47812
47817
47822
47827
47832
47837
47842
47847
47852
47857
47862
47867
47872
47877
47882
47887
47892
47897
47902
47907
47912
47916
47920
47925
47930
47935
47940
47945
47950
47955
47960
47965
47970
47975
47980
47985
47990
47995
48000
48005
48010
48015
48020
48025
48030
48035
48040
48045
48050
48055
48060
48065
48070
48075
48080
48085
48090
48095
48100
48105
48110
48115
48120
48125
48130
48135
48140
48145
48150
48155
48160
48165
48170
48175
48180
48185
48190
48195
48200
48205
48210
48215
48220
48225
48230
48235
48240
48245
48250
48255
48260
48265
48270
48275
48280
48285
48290
48295
48300
48305
48310
48315
48320
48325
48330
48335
48340
48345
48350
48355
48360
48365
48370
48375
48380
48385
48390
48395
48400
48405
48410
48415
48420
48425
48430
48435
48440
48445
48450
48455
48460
48465
48470
48475
48480
48485
48490
48495
48500
48505
48510
48515
48520
48525
48530
48535
48540
48545
48550
48555
48560
48565
48570
48575
48580
48585
48590
48595
48600
48605
48610
48615
48620
48625
48630
48635
48640
48645
48650
48655
48660
48665
48670
48675
48679
48683
48688
48693
48698
48703
48708
48713
48718
48723
48728
48733
48738
48743
48748
48753
48758
48763
48768
48773
48778
48783
48788
48793
48798
48803
48808
48813
48818
48823
48828
48833
48838
48843
48848
48853
48858
48863
48868
48873
48878
48883
48888
48893
48898
48903
48908
48913
48918
48923
48928
48933
48938
48943
48948
48953
48958
48963
48968
48973
48978
48983
48988
48993
48998
49003
49008
49013
49018
49023
49028
49033
49038
49043
49048
49053
49058
49063
49068
49073
49078
49083
49088
49093
49098
49103
49108
49113
49118
49123
49128
49133
49138
49143
49148
49153
49158
49163
49168
49173
49178
49183
49188
49193
49198
49203
49208
49213
49218
49223
49228
49233
49238
49243
49248
49253
49258
49263
49268
49273
49278
49283
49288
49293
49298
49303
49308
49313
49318
49323
49328
49333
49338
49343
49348
49353
49358
49363
49368
49373
49378
49383
49388
49393
49398
49403
49408
49413
49418
49423
49428
49433
49438
49442
49446
49451
49456
49461
49466
49471
49476
49481
49486
49491
49496
49501
49506
49511
49516
49521
49526
49531
49536
49541
49546
49551
49556
49561
49566
49571
49576
49581
49586
49591
49596
49601
49606
49611
49616
49621
49626
49631
49636
49641
49646
49651
49656
49661
49666
49671
49676
49681
49686
49691
49696
49701
49706
49711
49716
49721
49726
49731
49736
49741
49746
49751
49756
49761
49766
49771
49776
49781
49786
49791
49796
49801
49806
49811
49816
49821
49826
49831
49836
49841
49846
49851
49856
49861
49866
49871
49876
49881
49886
49891
49896
49901
49906
49911
49916
49921
49926
49931
49936
49941
49946
49951
49956
49961
49966
49971
49976
49981
49986
49991
49996
50001
50006
50011
50016
50021
50026
50031
50036
50041
50046
50051
50056
50061
50066
50071
50076
50081
50086
50091
50096
50101
50106
50111
50116
50121
50126
50131
50136
50141
50146
50151
50156
50161
50166
50171
50176
50181
50186
50191
50196
50201
50205
50209
50214
50219
50224
50229
50234
50239
50244
50249
50254
50259
50264
50269
50274
50279
50284
50289
50294
50299
50304
50309
50314
50319
50324
50329
50334
50339
50344
50349
50354
50359
50364
50369
50374
50379
50384
50389
50394
50399
50404
50409
50414
50419
50424
50429
50434
50439
50444
50449
50454
50459
50464
50469
50474
50479
50484
50489
50494
50499
50504
50509
50514
50519
50524
50529
50534
50539
50544
50549
50554
50559
50564
50569
50574
50579
50584
50589
50594
50599
50604
50609
50614
50619
50624
50629
50634
50639
50644
50649
50654
50659
50664
50669
50674
50679
50684
50689
50694
50699
50704
50709
50714
50719
50724
50729
50734
50739
50744
50749
50754
50759
50764
50769
50774
50779
50784
50789
50794
50799
50804
50809
50814
50819
50824
50829
50834
50839
50844
50849
50854
50859
50864
50869
50874
50879
50884
50889
50894
50899
50904
50909
50914
50919
50924
50929
50934
50939
50944
50949
50954
50959
50964
50968
50972
50977
50982
50987
50992
50997
51002
51007
51012
51017
51022
51027
51032
51037
51042
51047
51052
51057
51062
51067
51072
51077
51082
51087
51092
51097
51102
51107
51112
51117
51122
51127
51132
51137
51142
51147
51152
51157
51162
51167
51172
51177
51182
51187
51192
51197
51202
51207
51212
51217
51222
51227
51232
51237
51242
51247
51252
51257
51262
51267
51272
51277
51282
51287
51292
51297
51302
51307
51312
51317
51322
51327
51332
51337
51342
51347
51352
51357
51362
51367
51372
51377
51382
51387
51392
51397
51402
51407
51412
51417
51422
51427
51432
51437
51442
51447
51452
51457
51462
51467
51472
51477
51482
51487
51492
51497
51502
51507
51512
51517
51522
51527
51532
51537
51542
51547
51552
51557
51562
51567
51572
51577
51582
51587
51592
51597
51602
51607
51612
51617
51622
51627
51632
51637
51642
51647
51652
51657
51662
51667
51672
51677
51682
51687
51692
51697
51702
51707
51712
51717
51722
51727
51731
51735
51740
51745
51750
51755
51760
51765
51770
51775
51780
51785
51790
51795
51800
51805
51810
51815
51820
51825
51830
51835
51840
51845
51850
51855
51860
51865
51870
51875
51880
51885
51890
51895
51900
51905
51910
51915
51920
51925
51930
51935
51940
51945
51950
51955
51960
51965
51970
51975
51980
51985
51990
51995
52000
52005
52010
52015
52020
52025
52030
52035
52040
52045
52050
52055
52060
52065
52070
52075
52080
52085
52090
52095
52100
52105
52110
52115
52120
52125
52130
52135
52140
52145
52150
52155
52160
52165
52170
52175
52180
52185
52190
52195
52200
52205
52210
52215
52220
52225
52230
52235
52240
52245
52250
52255
52260
52265
52270
52275
52280
52285
52290
52295
52300
52305
52310
52315
52320
52325
52330
52335
52340
52345
52350
52355
52360
52365
52370
52375
52380
52385
52390
52395
52400
52405
52410
52415
52420
52425
52430
52435
52440
52445
52450
52455
52460
52465
52470
52475
52480
52485
52490
52494
52498
52503
52508
52513
52518
52523
52528
52533
52538
52543
52548
52553
52558
52563
52568
52573
52578
52583
52588
52593
52598
52603
52608
52613
52618
52623
52628
52633
52638
52643
52648
52653
52658
52663
52668
52673
52678
52683
52688
52693
52698
52703
52708
52713
52718
52723
52728
52733
52738
52743
52748
52753
52758
52763
52768
52773
52778
52783
52788
52793
52798
52803
52808
52813
52818
52823
52828
52833
52838
52843
52848
52853
52858
52863
52868
52873
52878
52883
52888
52893
52898
52903
52908
52913
52918
52923
52928
52933
52938
52943
52948
52953
52958
52963
52968
52973
52978
52983
52988
52993
52998
53003
53008
53013
53018
53023
53028
53033
53038
53043
53048
53053
53058
53063
53068
53073
53078
53083
53088
53093
53098
53103
53108
53113
53118
53123
53128
53133
53138
53143
53148
53153
53158
53163
53168
53173
53178
53183
53188
53193
53198
53203
53208
53213
53218
53223
53228
53233
53238
53243
53248
53253
53257
53261
53266
53271
53276
53281
53286
53291
53296
53301
53306
53311
53316
53321
53326
53331
53336
53341
53346
53351
53356
53361
53366
53371
53376
53381
53386
53391
53396
53401
53406
53411
53416
53421
53426
53431
53436
53441
53446
53451
53456
53461
53466
53471
53476
53481
53486
53491
53496
53501
53506
53511
53516
53521
53526
53531
53536
53541
53546
53551
53556
53561
53566
53571
53576
53581
53586
53591
53596
53601
53606
53611
53616
53621
53626
53631
53636
53641
53646
53651
53656
53661
53666
53671
53676
53681
53686
53691
53696
53701
53706
53711
53716
53721
53726
53731
53736
53741
53746
53751
53756
53761
53766
53771
53776
53781
53786
53791
53796
53801
53806
53811
53816
53821
53826
53831
53836
53841
53846
53851
53856
53861
53866
53871
53876
53881
53886
53891
53896
53901
53906
53911
53916
53921
53926
53931
53936
53941
53946
53951
53956
53961
53966
53971
53976
53981
53986
53991
53996
54001
54006
54011
54016
54020
54024
54029
54034
54039
54044
54049
54054
54059
54064
54069
54074
54079
54084
54089
54094
54099
54104
54109
54114
54119
54124
54129
54134
54139
54144
54149
54154
54159
54164
54169
54174
54179
54184
54189
54194
54199
54204
54209
54214
54219
54224
54229
54234
54239
54244
54249
54254
54259
54264
54269
54274
54279
54284
54289
54294
54299
54304
54309
54314
54319
54324
54329
54334
54339
54344
54349
54354
54359
54364
54369
54374
54379
54384
54389
54394
54399
54404
54409
54414
54419
54424
54429
54434
54439
54444
54449
54454
54459
54464
54469
54474
54479
54484
54489
54494
54499
54504
54509
54514
54519
54524
54529
54534
54539
54544
54549
54554
54559
54564
54569
54574
54579
54584
54589
54594
54599
54604
54609
54614
54619
54624
54629
54634
54639
54644
54649
54654
54659
54664
54669
54674
54679
54684
54689
54694
54699
54704
54709
54714
54719
54724
54729
54734
54739
54744
54749
54754
54759
54764
54769
54774
54779
54783
54787
54792
54797
54802
54807
54812
54817
54822
54827
54832
54837
54842
54847
54852
54857
54862
54867
54872
54877
54882
54887
54892
54897
54902
54907
54912
54917
54922
54927
54932
54937
54942
54947
54952
54957
54962
54967
54972
54977
54982
54987
54992
54997
55002
55007
55012
55017
55022
55027
55032
55037
55042
55047
55052
55057
55062
55067
55072
55077
55082
55087
55092
55097
55102
55107
55112
55117
55122
55127
55132
55137
55142
55147
55152
55157
55162
55167
55172
55177
55182
55187
55192
55197
55202
55207
55212
55217
55222
55227
55232
55237
55242
55247
55252
55257
55262
55267
55272
55277
55282
55287
55292
55297
55302
55307
55312
55317
55322
55327
55332
55337
55342
55347
55352
55357
55362
55367
55372
55377
55382
55387
55392
55397
55402
55407
55412
55417
55422
55427
55432
55437
55442
55447
55452
55457
55462
55467
55472
55477
55482
55487
55492
55497
55502
55507
55512
55517
55522
55527
55532
55537
55542
55546
55550
55555
55560
55565
55570
55575
55580
55585
55590
55595
55600
55605
55610
55615
55620
55625
55630
55635
55640
55645
55650
55655
55660
55665
55670
55675
55680
55685
55690
55695
55700
55705
55710
55715
55720
55725
55730
55735
55740
55745
55750
55755
55760
55765
55770
55775
55780
55785
55790
55795
55800
55805
55810
55815
55820
55825
55830
55835
55840
55845
55850
55855
55860
55865
55870
55875
55880
55885
55890
55895
55900
55905
55910
55915
55920
55925
55930
55935
55940
55945
55950
55955
55960
55965
55970
55975
55980
55985
55990
55995
56000
56005
56010
56015
56020
56025
56030
56035
56040
56045
56050
56055
56060
56065
56070
56075
56080
56085
56090
56095
56100
56105
56110
56115
56120
56125
56130
56135
56140
56145
56150
56155
56160
56165
56170
56175
56180
56185
56190
56195
56200
56205
56210
56215
56220
56225
56230
56235
56240
56245
56250
56255
56260
56265
56270
56275
56280
56285
56290
56295
56300
56305
56309
56313
56318
56323
56328
56333
56338
56343
56348
56353
56358
56363
56368
56373
56378
56383
56388
56393
56398
56403
56408
56413
56418
56423
56428
56433
56438
56443
56448
56453
56458
56463
56468
56473
56478
56483
56488
56493
56498
56503
56508
56513
56518
56523
56528
56533
56538
56543
56548
56553
56558
56563
56568
56573
56578
56583
56588
56593
56598
56603
56608
56613
56618
56623
56628
56633
56638
56643
56648
56653
56658
56663
56668
56673
56678
56683
56688
56693
56698
56703
56708
56713
56718
56723
56728
56733
56738
56743
56748
56753
56758
56763
56768
56773
56778
56783
56788
56793
56798
56803
56808
56813
56818
56823
56828
56833
56838
56843
56848
56853
56858
56863
56868
56873
56878
56883
56888
56893
56898
56903
56908
56913
56918
56923
56928
56933
56938
56943
56948
56953
56958
56963
56968
56973
56978
56983
56988
56993
56998
57003
57008
57013
57018
57023
57028
57033
57038
57043
57048
57053
57058
57063
57068
57072
57076
57081
57086
57091
57096
57101
57106
57111
57116
57121
57126
57131
57136
57141
57146
57151
57156
57161
57166
57171
57176
57181
57186
57191
57196
57201
57206
57211
57216
57221
57226
57231
57236
57241
57246
57251
57256
57261
57266
57271
57276
57281
57286
57291
57296
57301
57306
57311
57316
57321
57326
57331
57336
57341
57346
57351
57356
57361
57366
57371
57376
57381
57386
57391
57396
57401
57406
57411
57416
57421
57426
57431
57436
57441
57446
57451
57456
57461
57466
57471
57476
57481
57486
57491
57496
57501
57506
57511
57516
57521
57526
57531
57536
57541
57546
57551
57556
57561
57566
57571
57576
57581
57586
57591
57596
57601
57606
57611
57616
57621
57626
57631
57636
57641
57646
57651
57656
57661
57666
57671
57676
57681
57686
57691
57696
57701
57706
57711
57716
57721
57726
57731
57736
57741
57746
57751
57756
57761
57766
57771
57776
57781
57786
57791
57796
57801
57806
57811
57816
57821
57826
57831
57835
57839
57844
57849
57854
57859
57864
57869
57874
57879
57884
57889
57894
57899
57904
57909
57914
57919
57924
57929
57934
57939
57944
57949
57954
57959
57964
57969
57974
57979
57984
57989
57994
57999
58004
58009
58014
58019
58024
58029
58034
58039
58044
58049
58054
58059
58064
58069
58074
58079
58084
58089
58094
58099
58104
58109
58114
58119
58124
58129
58134
58139
58144
58149
58154
58159
58164
58169
58174
58179
58184
58189
58194
58199
58204
58209
58214
58219
58224
58229
58234
58239
58244
58249
58254
58259
58264
58269
58274
58279
58284
58289
58294
58299
58304
58309
58314
58319
58324
58329
58334
58339
58344
58349
58354
58359
58364
58369
58374
58379
58384
58389
58394
58399
58404
58409
58414
58419
58424
58429
58434
58439
58444
58449
58454
58459
58464
58469
58474
58479
58484
58489
58494
58499
58504
58509
58514
58519
58524
58529
58534
58539
58544
58549
58554
58559
58564
58569
58574
58579
58584
58589
58594
58598
58602
58607
58612
58617
58622
58627
58632
58637
58642
58647
58652
58657
58662
58667
58672
58677
58682
58687
58692
58697
58702
58707
58712
58717
58722
58727
58732
58737
58742
58747
58752
58757
58762
58767
58772
58777
58782
58787
58792
58797
58802
58807
58812
58817
58822
58827
58832
58837
58842
58847
58852
58857
58862
58867
58872
58877
58882
58887
58892
58897
58902
58907
58912
58917
58922
58927
58932
58937
58942
58947
58952
58957
58962
58967
58972
58977
58982
58987
58992
58997
59002
59007
59012
59017
59022
59027
59032
59037
59042
59047
59052
59057
59062
59067
59072
59077
59082
59087
59092
59097
59102
59107
59112
59117
59122
59127
59132
59137
59142
59147
59152
59157
59162
59167
59172
59177
59182
59187
59192
59197
59202
59207
59212
59217
59222
59227
59232
59237
59242
59247
59252
59257
59262
59267
59272
59277
59282
59287
59292
59297
59302
59307
59312
59317
59322
59327
59332
59337
59342
59347
59352
59357
59361
59365
59370
59375
59380
59385
59390
59395
59400
59405
59410
59415
59420
59425
59430
59435
59440
59445
59450
59455
59460
59465
59470
59475
59480
59485
59490
59495
59500
59505
59510
59515
59520
59525
59530
59535
59540
59545
59550
59555
59560
59565
59570
59575
59580
59585
59590
59595
59600
59605
59610
59615
59620
59625
59630
59635
59640
59645
59650
59655
59660
59665
59670
59675
59680
59685
59690
59695
59700
59705
59710
59715
59720
59725
59730
59735
59740
59745
59750
59755
59760
59765
59770
59775
59780
59785
59790
59795
59800
59805
59810
59815
59820
59825
59830
59835
59840
59845
59850
59855
59860
59865
59870
59875
59880
59885
59890
59895
59900
59905
59910
59915
59920
59925
59930
59935
59940
59945
59950
59955
59960
59965
59970
59975
59980
59985
59990
59995
60000
60005
60010
60015
60020
60025
60030
60035
60040
60045
60050
60055
60060
60065
60070
60075
60080
60085
60090
60095
60100
60105
60110
60115
60120
60124
60128
60133
60138
60143
60148
60153
60158
60163
60168
60173
60178
60183
60188
60193
60198
60203
60208
60213
60218
60223
60228
60233
60238
60243
60248
60253
60258
60263
60268
60273
60278
60283
60288
60293
60298
60303
60308
60313
60318
60323
60328
60333
60338
60343
60348
60353
60358
60363
60368
60373
60378
60383
60388
60393
60398
60403
60408
60413
60418
60423
60428
60433
60438
60443
60448
60453
60458
60463
60468
60473
60478
60483
60488
60493
60498
60503
60508
60513
60518
60523
60528
60533
60538
60543
60548
60553
60558
60563
60568
60573
60578
60583
60588
60593
60598
60603
60608
60613
60618
60623
60628
60633
60638
60643
60648
60653
60658
60663
60668
60673
60678
60683
60688
60693
60698
60703
60708
60713
60718
60723
60728
60733
60738
60743
60748
60753
60758
60763
60768
60773
60778
60783
60788
60793
60798
60803
60808
60813
60818
60823
60828
60833
60838
60843
60848
60853
60858
60863
60868
60873
60878
60883
60887
60891
60896
60901
60906
60911
60916
60921
60926
60931
60936
60941
60946
60951
60956
60961
60966
60971
60976
60981
60986
60991
60996
61001
61006
61011
61016
61021
61026
61031
61036
61041
61046
61051
61056
61061
61066
61071
61076
61081
61086
61091
61096
61101
61106
61111
61116
61121
61126
61131
61136
61141
61146
61151
61156
61161
61166
61171
61176
61181
61186
61191
61196
61201
61206
61211
61216
61221
61226
61231
61236
61241
61246
61251
61256
61261
61266
61271
61276
61281
61286
61291
61296
61301
61306
61311
61316
61321
61326
61331
61336
61341
61346
61351
61356
61361
61366
61371
61376
61381
61386
61391
61396
61401
61406
61411
61416
61421
61426
61431
61436
61441
61446
61451
61456
61461
61466
61471
61476
61481
61486
61491
61496
61501
61506
61511
61516
61521
61526
61531
61536
61541
61546
61551
61556
61561
61566
61571
61576
61581
61586
61591
61596
61601
61606
61611
61616
61621
61626
61631
61636
61641
61646
61650
61654
61659
61664
61669
61674
61679
61684
61689
61694
61699
61704
61709
61714
61719
61724
61729
61734
61739
61744
61749
61754
61759
61764
61769
61774
61779
61784
61789
61794
61799
61804
61809
61814
61819
61824
61829
61834
61839
61844
61849
61854
61859
61864
61869
61874
61879
61884
61889
61894
61899
61904
61909
61914
61919
61924
61929
61934
61939
61944
61949
61954
61959
61964
61969
61974
61979
61984
61989
61994
61999
62004
62009
62014
62019
62024
62029
62034
62039
62044
62049
62054
62059
62064
62069
62074
62079
62084
62089
62094
62099
62104
62109
62114
62119
62124
62129
62134
62139
62144
62149
62154
62159
62164
62169
62174
62179
62184
62189
62194
62199
62204
62209
62214
62219
62224
62229
62234
62239
62244
62249
62254
62259
62264
62269
62274
62279
62284
62289
62294
62299
62304
62309
62314
62319
62324
62329
62334
62339
62344
62349
62354
62359
62364
62369
62374
62379
62384
62389
62394
62399
62404
62409
62413
62417
62422
62427
62432
62437
62442
62447
62452
62457
62462
62467
62472
62477
62482
62487
62492
62497
62502
62507
62512
62517
62522
62527
62532
62537
62542
62547
62552
62557
62562
62567
62572
62577
62582
62587
62592
62597
62602
62607
62612
62617
62621
62625
62629
62633
62637
62641
62645
62649
62653
62657
62661
62665
62669
62673
62677
62681
62685
62689
62693
62697
62701
62705
62709
62713
62717
62721
62725
62729
62733
62737
62741
62745
62749
62753
62757
62761
62765
62769
62773
62777
62781
62785
62789
62793
62797
62801
62805
62809
62813
62817
62821
62825
62829
62833
62837
62841
62845
62849
62853
62857
62861
62865
62869
62873
62877
62881
62885
62889
62893
62897
62901
62905
62909
62913
62917
62921
62925
62929
62933
62937
62941
62945
62949
62953
62957
62961
62965
62969
62973
62977
62981
62985
62989
62993
62997
63001
63005
63009
63013
63017
63021
63025
63029
63033
63037
63041
63045
63049
63053
63057
63061
63064
63068
63073
63078
63083
63088
63093
63098
63103
63108
63113
63118
63123
63128
63133
63138
63143
63148
63153
63158
63163
63168
63173
63178
63183
63188
63193
63198
63203
63208
63213
63218
63223
63228
63233
63238
63243
63248
63253
63258
63263
63267
63271
63276
63281
63286
63291
63296
63301
63306
63311
63316
63321
63326
63331
63336
63341
63346
63351
63356
63361
63366
63371
63376
63381
63386
63391
63396
63401
63406
63411
63416
63421
63426
63431
63436
63441
63446
63451
63456
63461
63466
63470
63474
63479
63484
63489
63494
63499
63504
63509
63514
63519
63524
63529
63534
63539
63544
63549
63554
63559
63564
63569
63574
63579
63584
63589
63594
63599
63604
63609
63614
63619
63624
63629
63634
63639
63644
63649
63654
63659
63664
63669
63673
63677
63682
63687
63692
63697
63702
63707
63712
63717
63722
63727
63732
63737
63742
63747
63752
63757
63762
63767
63772
63777
63782
63787
63792
63797
63802
63807
63812
63817
63822
63827
63832
63837
63842
63847
63852
63857
63862
63867
63872
63876
63880
63885
63890
63895
63900
63905
63910
63915
63920
63925
63930
63935
63940
63945
63950
63955
63960
63965
63970
63975
63980
63985
63990
63995
64000
64005
64010
64015
64020
64025
64030
64035
64040
64045
64050
64055
64060
64065
64070
64075
64079
64083
64088
64093
64098
64103
64108
64113
64118
64123
64128
64133
64138
64143
64148
64153
64158
64163
64168
64173
64178
64183
64188
64193
64198
64203
64208
64213
64218
64223
64228
64233
64238
64243
64248
64253
64258
64263
64268
64273
64278
64282
64286
64291
64296
64301
64306
64311
64316
64321
64326
64331
64336
64341
64346
64351
64356
64361
64366
64371
64376
64381
64386
64391
64396
64401
64406
64411
64416
64421
64426
64431
64436
64441
64446
64451
64456
64461
64466
64471
64476
64481
64485
64489
64494
64499
64504
64509
64514
64519
64524
64529
64534
64539
64544
64549
64554
64559
64564
64569
64574
64579
64584
64589
64594
64599
64604
64609
64614
64619
64624
64629
64634
64639
64644
64649
64654
64659
64664
64669
64674
64679
64684
64688
64692
64697
64702
64707
64712
64717
64722
64727
64732
64737
64742
64747
64752
64757
64762
64767
64772
64777
64782
64787
64792
64797
64802
64807
64812
64817
64822
64827
64832
64837
64842
64847
64852
64857
64862
64867
64872
64877
64882
64887
64891
64895
64900
64905
64910
64915
64920
64925
64930
64935
64940
64945
64950
64955
64960
64965
64970
64975
64980
64985
64990
64995
65000
65005
65010
65015
65020
65025
65030
65035
65040
65045
65050
65055
65060
65065
65070
65075
65080
65085
65090
65094
65098
65103
65108
65113
65118
65123
65128
65133
65138
65143
65148
65153
65158
65163
65168
65173
65178
65183
65188
65193
65198
65203
65208
65213
65218
65223
65228
65233
65238
65243
65248
65253
65258
65263
65268
65273
65278
65283
65288
65293
65297
65301
65306
65311
65316
65321
65326
65331
65336
65341
65346
65351
65356
65361
65366
65371
65376
65381
65386
65391
65396
65401
65406
65411
65416
65421
65426
65431
65436
65441
65446
65451
65456
65461
65466
65471
65476
65481
65486
65491
65496
65500
65504
65509
65514
65519
65524
65529
65534
65539
65544
65549
65554
65559
65564
65569
65574
65579
65584
65589
65594
65599
65604
65609
65614
65619
65624
65629
65634
65639
65644
65649
65654
65659
65664
65669
65674
65679
65684
65689
65694
65699
65703
65707
65712
65717
65722
65727
65732
65737
65742
65747
65752
65757
65762
65767
65772
65777
65782
65787
65792
65797
65802
65807
65812
65817
65822
65827
65832
65837
65842
65847
65852
65857
65862
65867
65872
65877
65882
65887
65892
65897
65902
65906
65910
65915
65920
65925
65930
65935
65940
65945
65950
65955
65960
65965
65970
65975
65980
65985
65990
65995
66000
66005
66010
66015
66020
66025
66030
66035
66040
66045
66050
66055
66060
66065
66070
66075
66080
66085
66090
66095
66100
66105
66109
66113
66118
66123
66128
66133
66138
66143
66148
66153
66158
66163
66168
66173
66178
66183
66188
66193
66198
66203
66208
66213
66218
66223
66228
66233
66238
66243
66248
66253
66258
66263
66268
66273
66278
66283
66288
66293
66298
66303
66308
66312
66316
66321
66326
66331
66336
66341
66346
66351
66356
66361
66366
66371
66376
66381
66386
66391
66396
66401
66406
66411
66416
66421
66426
66431
66436
66441
66446
66451
66456
66461
66466
66471
66476
66481
66486
66491
66496
66501
66506
66511
66515
66519
66524
66529
66534
66539
66544
66549
66554
66559
66564
66569
66574
66579
66584
66589
66594
66599
66604
66609
66614
66619
66624
66629
66634
66639
66644
66649
66654
66659
66664
66669
66674
66679
66684
66689
66694
66699
66704
66709
66714
66718
66722
66727
66732
66737
66742
66747
66752
66757
66762
66767
66772
66777
66782
66787
66792
66797
66802
66807
66812
66817
66822
66827
66832
66837
66842
66847
66852
66857
66862
66867
66872
66877
66882
66887
66892
66897
66902
66907
66912
66917
66921
66925
66930
66935
66940
66945
66950
66955
66960
66965
66970
66975
66980
66985
66990
66995
67000
67005
67010
67015
67020
67025
67030
67035
67040
67045
67050
67055
67060
67065
67070
67075
67080
67085
67090
67095
67100
67105
67110
67115
67120
67124
67128
67133
67138
67143
67148
67153
67158
67163
67168
67173
67178
67183
67188
67193
67198
67203
67208
67213
67218
67223
67228
67233
67238
67243
67248
67253
67258
67263
67268
67273
67278
67283
67288
67293
67298
67303
67308
67313
67318
67323
67327
67331
67336
67341
67346
67351
67356
67361
67366
67371
67376
67381
67386
67391
67396
67401
67406
67411
67416
67421
67426
67431
67436
67441
67446
67451
67456
67461
67466
67471
67476
67481
67486
67491
67496
67501
67506
67511
67516
67521
67526
67530
67534
67539
67544
67549
67554
67559
67564
67569
67574
67579
67584
67589
67594
67599
67604
67609
67614
67619
67624
67629
67634
67639
67644
67649
67654
67659
67664
67669
67674
67679
67684
67689
67694
67699
67704
67709
67714
67719
67724
67729
67733
67737
67742
67747
67752
67757
67762
67767
67772
67777
67782
67787
67792
67797
67802
67807
67812
67817
67822
67827
67832
67837
67842
67847
67852
67857
67862
67867
67872
67877
67882
67887
67892
67897
67902
67907
67912
67917
67922
67927
67932
67936
67940
67945
67950
67955
67960
67965
67970
67975
67980
67985
67990
67995
68000
68005
68010
68015
68020
68025
68030
68035
68040
68045
68050
68055
68060
68065
68070
68075
68080
68085
68090
68095
68100
68105
68110
68115
68120
68125
68130
68135
68139
68143
68148
68153
68158
68163
68168
68173
68178
68183
68188
68193
68198
68203
68208
68213
68218
68223
68228
68233
68238
68243
68248
68253
68258
68263
68268
68273
68278
68283
68288
68293
68298
68303
68308
68313
68318
68323
68328
68333
68338
68342
68346
68351
68356
68361
68366
68371
68376
68381
68386
68391
68396
68401
68406
68411
68416
68421
68426
68431
68436
68441
68446
68451
68456
68461
68466
68471
68476
68481
68486
68491
68496
68501
68506
68511
68516
68521
68526
68531
68536
68541
68545
68549
68554
68559
68564
68569
68574
68579
68584
68589
68594
68599
68604
68609
68614
68619
68624
68629
68634
68639
68644
68649
68654
68659
68664
68669
68674
68679
68684
68689
68694
68699
68704
68709
68714
68719
68724
68729
68734
68739
68744
68748
68752
68757
68762
68767
68772
68777
68782
68787
68792
68797
68802
68807
68812
68817
68822
68827
68832
68837
68842
68847
68852
68857
68862
68867
68872
68877
68882
68887
68892
68897
68902
68907
68912
68917
68922
68927
68932
68937
68942
68947
68951
68955
68960
68965
68970
68975
68980
68985
68990
68995
69000
69005
69010
69015
69020
69025
69030
69035
69040
69045
69050
69055
69060
69065
69070
69075
69080
69085
69090
69095
69100
69105
69110
69115
69120
69125
69130
69135
69140
69145
69150
69154
69158
69163
69168
69173
69178
69183
69188
69193
69198
69203
69208
69213
69218
69223
69228
69233
69238
69243
69248
69253
69258
69263
69268
69273
69278
69283
69288
69293
69298
69303
69308
69313
69318
69323
69328
69333
69338
69343
69348
69353
69357
69361
69366
69371
69376
69381
69386
69391
69396
69401
69406
69411
69416
69421
69426
69431
69436
69441
69446
69451
69456
69461
69466
69471
69476
69481
69486
69491
69496
69501
69506
69511
69516
69521
69526
69531
69536
69541
69546
69551
69556
69560
69564
69569
69574
69579
69584
69589
69594
69599
69604
69609
69614
69619
69624
69629
69634
69639
69644
69649
69654
69659
69664
69669
69674
69679
69684
69689
69694
69699
69704
69709
69714
69719
69724
69729
69734
69739
69744
69749
69754
69759
69763
69767
69772
69777
69782
69787
69792
69797
69802
69807
69812
69817
69822
69827
69832
69837
69842
69847
69852
69857
69862
69867
69872
69877
69882
69887
69892
69897
69902
69907
69912
69917
69922
69927
69932
69937
69942
69947
69952
69957
69962
69966
69970
69975
69980
69985
69990
69995
70000
70005
70010
70015
70020
70025
70030
70035
70040
70045
70050
70055
70060
70065
70070
70075
70080
70085
70090
70095
70100
70105
70110
70115
70120
70125
70130
70135
70140
70145
70150
70155
70160
70165
70169
70173
70178
70183
70188
70193
70198
70203
70208
70213
70218
70223
70228
70233
70238
70243
70248
70253
70258
70263
70268
70273
70278
70283
70288
70293
70298
70303
70308
70313
70318
70323
70328
70333
70338
70343
70348
70353
70358
70363
70368
70372
70376
70381
70386
70391
70396
70401
70406
70411
70416
70421
70426
70431
70436
70441
70446
70451
70456
70461
70466
70471
70476
70481
70486
70491
70496
70501
70506
70511
70516
70521
70526
70531
70536
70541
70546
70551
70556
70561
70566
70571
70575
70579
70584
70589
70594
70599
70604
70609
70614
70619
70624
70629
70634
70639
70644
70649
70654
70659
70664
70669
70674
70679
70684
70689
70694
70699
70704
70709
70714
70719
70724
70729
70734
70739
70744
70749
70754
70759
70764
70769
70774
70778
70782
70787
70792
70797
70802
70807
70812
70817
70822
70827
70832
70837
70842
70847
70852
70857
70862
70867
70872
70877
70882
70887
70892
70897
70902
70907
70912
70917
70922
70927
70932
70937
70942
70947
70952
70957
70962
70967
70972
70977
70981
70985
70990
70995
71000
71005
71010
71015
71020
71025
71030
71035
71040
71045
71050
71055
71060
71065
71070
71075
71080
71085
71090
71095
71100
71105
71110
71115
71120
71125
71130
71135
71140
71145
71150
71155
71160
71165
71170
71175
71180
71184
71188
71193
71198
71203
71208
71213
71218
71223
71228
71233
71238
71243
71248
71253
71258
71263
71268
71273
71278
71283
71288
71293
71298
71303
71308
71313
71318
71323
71328
71333
71338
71343
71348
71353
71358
71363
71368
71373
71378
71383
71387
71391
71396
71401
71406
71411
71416
71421
71426
71431
71436
71441
71446
71451
71456
71461
71466
71471
71476
71481
71486
71491
71496
71501
71506
71511
71516
71521
71526
71531
71536
71541
71546
71551
71556
71561
71566
71571
71576
71581
71586
71590
71594
71599
71604
71609
71614
71619
71624
71629
71634
71639
71644
71649
71654
71659
71664
71669
71674
71679
71684
71689
71694
71699
71704
71709
71714
71719
71724
71729
71734
71739
71744
71749
71754
71759
71764
71769
71774
71779
71784
71789
71793
71797
71802
71807
71812
71817
71822
71827
71832
71837
71842
71847
71852
71857
71862
71867
71872
71877
71882
71887
71892
71897
71902
71907
71912
71917
71922
71927
71932
71937
71942
71947
71952
71957
71962
71967
71972
71977
71982
71987
71992
71996
72000
72005
72010
72015
72020
72025
72030
72035
72040
72045
72050
72055
72060
72065
72070
72075
72080
72085
72090
72095
72100
72105
72110
72115
72120
72125
72130
72135
72140
72145
72150
72155
72160
72165
72170
72175
72180
72185
72190
72195
72199
72203
72208
72213
72218
72223
72228
72233
72238
72243
72248
72253
72258
72263
72268
72273
72278
72283
72288
72293
72298
72303
72308
72313
72318
72323
72328
72333
72338
72343
72348
72353
72358
72363
72368
72373
72378
72383
72388
72393
72398
72402
72406
72411
72416
72421
72426
72431
72436
72441
72446
72451
72456
72461
72466
72471
72476
72481
72486
72491
72496
72501
72506
72511
72516
72521
72526
72531
72536
72541
72546
72551
72556
72561
72566
72571
72576
72581
72586
72591
72596
72601
72605
72609
72614
72619
72624
72629
72634
72639
72644
72649
72654
72659
72664
72669
72674
72679
72684
72689
72694
72699
72704
72709
72714
72719
72724
72729
72734
72739
72744
72749
72754
72759
72764
72769
72774
72779
72784
72789
72794
72799
72804
72808
72812
72817
72822
72827
72832
72837
72842
72847
72852
72857
72862
72867
72872
72877
72882
72887
72892
72897
72902
72907
72912
72917
72922
72927
72932
72937
72942
72947
72952
72957
72962
72967
72972
72977
72982
72987
72992
72997
73002
73007
73011
73015
73020
73025
73030
73035
73040
73045
73050
73055
73060
73065
73070
73075
73080
73085
73090
73095
73100
73105
73110
73115
73120
73125
73130
73135
73140
73145
73150
73155
73160
73165
73170
73175
73180
73185
73190
73195
73200
73205
73210
73214
73218
73223
73228
73233
73238
73243
73248
73253
73258
73263
73268
73273
73278
73283
73288
73293
73298
73303
73308
73313
73318
73323
73328
73333
73338
73343
73348
73353
73358
73363
73368
73373
73378
73383
73388
73393
73398
73403
73408
73413
73417
73421
73426
73431
73436
73441
73446
73451
73456
73461
73466
73471
73476
73481
73486
73491
73496
73501
73506
73511
73516
73521
73526
73531
73536
73541
73546
73551
73556
73561
73566
73571
73576
73581
73586
73591
73596
73601
73606
73611
73616
73620
73624
73629
73634
73639
73644
73649
73654
73659
73664
73669
73674
73679
73684
73689
73694
73699
73704
73709
73714
73719
73724
73729
73734
73739
73744
73749
73754
73759
73764
73769
73774
73779
73784
73789
73794
73799
73804
73809
73814
73819
73823
73827
73832
73837
73842
73847
73852
73857
73862
73867
73872
73877
73882
73887
73892
73897
73902
73907
73912
73917
73922
73927
73932
73937
73942
73947
73952
73957
73962
73967
73972
73977
73982
73987
73992
73997
74002
74007
74012
74017
74022
74026
74030
74035
74040
74045
74050
74055
74060
74065
74070
74075
74080
74085
74090
74095
74100
74105
74110
74115
74120
74125
74130
74135
74140
74145
74150
74155
74160
74165
74170
74175
74180
74185
74190
74195
74200
74205
74210
74215
74220
74225
74229
74233
74238
74243
74248
74253
74258
74263
74268
74273
74278
74283
74288
74293
74298
74303
74308
74313
74318
74323
74328
74333
74338
74343
74348
74353
74358
74363
74368
74373
74378
74383
74388
74393
74398
74403
74408
74413
74418
74423
74428
74432
74436
74441
74446
74451
74456
74461
74466
74471
74476
74481
74486
74491
74496
74501
74506
74511
74516
74521
74526
74531
74536
74541
74546
74551
74556
74561
74566
74571
74576
74581
74586
74591
74596
74601
74606
74611
74616
74621
74626
74631
74635
74639
74644
74649
74654
74659
74664
74669
74674
74679
74684
74689
74694
74699
74704
74709
74714
74719
74724
74729
74734
74739
74744
74749
74754
74759
74764
74769
74774
74779
74784
74789
74794
74799
74804
74809
74814
74819
74824
74829
74834
74838
74842
74847
74852
74857
74862
74867
74872
74877
74882
74887
74892
74897
74902
74907
74912
74917
74922
74927
74932
74937
74942
74947
74952
74957
74962
74967
74972
74977
74982
74987
74992
74997
75002
75007
75012
75017
75022
75027
75032
75037
75041
75045
75050
75055
75060
75065
75070
75075
75080
75085
75090
75095
75100
75105
75110
75115
75120
75125
75130
75135
75140
75145
75150
75155
75160
75165
75170
75175
75180
75185
75190
75195
75200
75205
75210
75215
75220
75225
75230
75235
75240
75244
75248
75253
75258
75263
75268
75273
75278
75283
75288
75293
75298
75303
75308
75313
75318
75323
75328
75333
75338
75343
75348
75353
75358
75363
75368
75373
75378
75383
75388
75393
75398
75403
75408
75413
75418
75423
75428
75433
75438
75443
75447
75451
75456
75461
75466
75471
75476
75481
75486
75491
75496
75501
75506
75511
75516
75521
75526
75531
75536
75541
75546
75551
75556
75561
75566
75571
75576
75581
75586
75591
75596
75601
75606
75611
75616
75621
75626
75631
75636
75641
75646
75650
75654
75659
75664
75669
75674
75679
75684
75689
75694
75699
75704
75709
75714
75719
75724
75729
75734
75739
75744
75749
75754
75759
75764
75769
75774
75779
75784
75789
75794
75799
75804
75809
75814
75819
75824
75829
75834
75839
75844
75849
75853
75857
75862
75867
75872
75877
75882
75887
75892
75897
75902
75907
75912
75917
75922
75927
75932
75937
75942
75947
75952
75957
75962
75967
75972
75977
75982
75987
75992
75997
76002
76007
76012
76017
76022
76027
76032
76037
76042
76047
76052
76056
76060
76065
76070
76075
76080
76085
76090
76095
76100
76105
76110
76115
76120
76125
76130
76135
76140
76145
76150
76155
76160
76165
76170
76175
76180
76185
76190
76195
76200
76205
76210
76215
76220
76225
76230
76235
76240
76245
76250
76255
76259
76263
76268
76273
76278
76283
76288
76293
76298
76303
76308
76313
76318
76323
76328
76333
76338
76343
76348
76353
76358
76363
76368
76373
76378
76383
76388
76393
76398
76403
76408
76413
76418
76423
76428
76433
76438
76443
76448
76453
76458
76462
76466
76471
76476
76481
76486
76491
76496
76501
76506
76511
76516
76521
76526
76531
76536
76541
76546
76551
76556
76561
76566
76571
76576
76581
76586
76591
76596
76601
76606
76611
76616
76621
76626
76631
76636
76641
76646
76651
76656
76661
76665
76669
76674
76679
76684
76689
76694
76699
76704
76709
76714
76719
76724
76729
76734
76739
76744
76749
76754
76759
76764
76769
76774
76779
76784
76789
76794
76799
76804
76809
76814
76819
76824
76829
76834
76839
76844
76849
76854
76859
76864
76868
76872
76877
76882
76887
76892
76897
76902
76907
76912
76917
76922
76927
76932
76937
76942
76947
76952
76957
76962
76967
76972
76977
76982
76987
76992
76997
77002
77007
77012
77017
77022
77027
77032
77037
77042
77047
77052
77057
77062
77067
77071
77074
77078
77082
77086
77090
77094
77098
77102
77106
77110
77114
77118
77122
77126
77130
77134
77138
77142
77146
77150
77154
77158
77162
77166
77170
77174
77178
77182
77186
77190
77194
77198
77202
77206
77210
77214
77218
77222
77226
77230
77233
