0
1
0
0
1
2
0
1
2
0
3
4
0
3
4
5
0
4
5
0
9
6
7
0
10
6
7
8
0
11
7
8
9
0
8
9
10
0
9
10
11
0
10
11
12
0
11
12
13
0
12
13
14
0
13
14
15
0
18
14
15
16
0
19
15
16
17
0
20
16
17
0
21
18
19
0
22
18
19
20
0
23
19
20
21
0
24
20
21
22
0
25
21
22
23
0
26
22
23
24
0
27
23
24
25
0
28
24
25
26
0
29
25
26
27
0
30
26
27
28
0
31
27
28
29
0
32
28
29
0
33
30
31
0
34
30
31
32
0
35
31
32
33
0
36
32
33
34
0
37
33
34
35
0
38
34
35
36
0
39
35
36
37
0
40
36
37
38
0
41
37
38
39
0
42
38
39
40
0
43
39
40
41
0
44
40
41
0
45
42
43
0
46
42
43
44
0
47
43
44
45
0
48
44
45
46
0
49
45
46
47
0
50
46
47
48
0
51
47
48
49
0
52
48
49
50
0
53
49
50
51
0
54
50
51
52
0
55
51
52
53
0
56
52
53
0
57
54
55
0
54
55
56
0
59
55
56
57
0
60
56
57
58
0
61
57
58
59
0
62
58
59
60
0
63
59
60
61
0
64
60
61
62
0
65
61
62
63
0
66
62
63
64
0
67
63
64
65
0
68
64
65
0
69
66
67
0
69
66
67
68
0
70
67
68
69
0
71
68
69
70
0
69
70
71
0
70
71
72
0
71
72
73
0
72
73
74
0
73
74
75
0
74
75
76
0
75
76
0
77
78
0
80
77
78
79
0
81
78
79
0
82
80
81
0
84
80
81
82
0
85
81
82
0
83
84
0
95
83
84
85
0
96
84
85
86
0
97
85
86
0
98
87
88
0
99
87
88
89
0
100
88
89
90
0
101
89
90
0
102
91
92
0
91
92
93
0
92
93
94
0
93
94
