0.000000 0.000000 6.261913
0.000000 0.083333 6.252324
0.000000 0.166667 6.223476
0.000000 0.250000 6.175124
0.000000 0.333333 6.106837
0.000000 0.416667 6.017969
0.000000 0.500000 5.907608
0.000000 0.583333 5.774499
0.000000 0.666667 5.616930
0.000000 0.750000 5.432556
0.000000 0.833333 5.218126
0.000000 0.916667 4.969041
0.000000 1.000000 4.678600
0.000000 1.083333 4.336613
0.000000 1.166667 3.926584
0.000000 1.250000 3.419120
0.000000 1.333333 2.753513
0.000000 1.416667 1.776160
0.000000 1.500000 0.000000
0.000000 1.583333 0.000000
0.000000 1.666667 0.000000
0.000000 1.750000 0.000000
0.000000 1.833333 0.000000
0.000000 1.916667 0.000000
0.000000 2.000000 0.000000
0.000000 2.083333 0.000000
0.000000 2.166667 0.000000
0.000000 2.250000 0.000000
0.000000 2.333333 0.000000
0.000000 2.416667 0.000000
0.000000 2.500000 0.000000
0.000000 2.583333 0.000000
0.000000 2.666667 0.000000
0.000000 2.750000 0.000000
0.000000 2.833333 0.000000
0.000000 2.916667 0.000000
0.000000 3.000000 0.000000
0.000000 3.083333 0.000000
0.000000 3.166667 0.000000
0.000000 3.250000 0.000000
0.000000 3.333333 0.000000
0.000000 3.416667 0.000000
0.000000 3.500000 0.000000
0.000000 3.583333 0.000000
0.000000 3.666667 0.000000
0.000000 3.750000 0.000000
0.000000 3.833333 0.000000
0.000000 3.916667 0.000000
0.000000 4.000000 0.000000
0.000000 4.083333 1.045268
0.000000 4.166667 1.592883
0.000000 4.250000 1.944544
0.000000 4.333333 2.197085
0.000000 4.416667 2.389725
0.000000 4.500000 2.541941
0.000000 4.583333 2.664904
0.000000 4.666667 2.765638
0.000000 4.750000 2.848840
0.000000 4.833333 2.917777
0.000000 4.916667 2.974794
0.000000 5.000000 3.021607
0.000000 5.083333 3.059487
0.000000 5.166667 3.089381
0.000000 5.250000 3.111985
0.000000 5.333333 3.127798
0.000000 5.416667 3.137157
0.000000 5.500000 3.140256

0.083333 0.000000 6.271502
0.083333 0.083333 6.261953
0.083333 0.166667 6.233229
0.083333 0.250000 6.185092
0.083333 0.333333 6.117128
0.083333 0.416667 6.028715
0.083333 0.500000 5.918982
0.083333 0.583333 5.786729
0.083333 0.666667 5.630332
0.083333 0.750000 5.447583
0.083333 0.833333 5.235453
0.083333 0.916667 4.989720
0.083333 1.000000 4.704374
0.083333 1.083333 4.370633
0.083333 1.166667 3.975303
0.083333 1.250000 3.498192
0.083333 1.333333 2.909385
0.083333 1.416667 2.175564
0.083333 1.500000 1.336040
0.083333 1.583333 1.003889
0.083333 1.666667 0.848157
0.083333 1.750000 0.763219
0.083333 1.833333 0.710781
0.083333 1.916667 0.675087
0.083333 2.000000 0.648874
0.083333 2.083333 0.628460
0.083333 2.166667 0.611829
0.083333 2.250000 0.597806
0.083333 2.333333 0.585668
0.083333 2.416667 0.574956
0.083333 2.500000 0.565366
0.083333 2.583333 0.556690
0.083333 2.666667 0.548790
0.083333 2.750000 0.541569
0.083333 2.833333 0.534966
0.083333 2.916667 0.528946
0.083333 3.000000 0.523503
0.083333 3.083333 0.518655
0.083333 3.166667 0.514457
0.083333 3.250000 0.511016
0.083333 3.333333 0.508518
0.083333 3.416667 0.507287
0.083333 3.500000 0.507891
0.083333 3.583333 0.511367
0.083333 3.666667 0.519697
0.083333 3.750000 0.536926
0.083333 3.833333 0.572041
0.083333 3.916667 0.647159
0.083333 4.000000 0.823635
0.083333 4.083333 1.294095
0.083333 4.166667 1.690861
0.083333 4.250000 1.994103
0.083333 4.333333 2.227035
0.083333 4.416667 2.409937
0.083333 4.500000 2.556568
0.083333 4.583333 2.676017
0.083333 4.666667 2.774405
0.083333 4.750000 2.855972
0.083333 4.833333 2.923737
0.083333 4.916667 2.979896
0.083333 5.000000 3.026073
0.083333 5.083333 3.063481
0.083333 5.166667 3.093026
0.083333 5.250000 3.115380
0.083333 5.333333 3.131025
0.083333 5.416667 3.140287
0.083333 5.500000 3.143354

0.166667 0.000000 6.300188
0.166667 0.083333 6.290757
0.166667 0.166667 6.262394
0.166667 0.250000 6.214886
0.166667 0.333333 6.147866
0.166667 0.416667 6.060784
0.166667 0.500000 5.952875
0.166667 0.583333 5.823103
0.166667 0.666667 5.670087
0.166667 0.750000 5.491993
0.166667 0.833333 5.286384
0.166667 0.916667 5.050011
0.166667 1.000000 4.778542
0.166667 1.083333 4.466243
0.166667 1.166667 4.105801
0.166667 1.250000 3.688959
0.166667 1.333333 3.210273
0.166667 1.416667 2.680669
0.166667 1.500000 2.164708
0.166667 1.583333 1.831358
0.166667 1.666667 1.625520
0.166667 1.750000 1.493937
0.166667 1.833333 1.404817
0.166667 1.916667 1.340692
0.166667 2.000000 1.291948
0.166667 2.083333 1.253137
0.166667 2.166667 1.221051
0.166667 2.250000 1.193725
0.166667 2.333333 1.169912
0.166667 2.416667 1.148792
0.166667 2.500000 1.129816
0.166667 2.583333 1.112605
0.166667 2.666667 1.096899
0.166667 2.750000 1.082519
0.166667 2.833333 1.069347
0.166667 2.916667 1.057317
0.166667 3.000000 1.046411
0.166667 3.083333 1.036659
0.166667 3.166667 1.028158
0.166667 3.250000 1.021088
0.166667 3.333333 1.015769
0.166667 3.416667 1.012737
0.166667 3.500000 1.012910
0.166667 3.583333 1.017881
0.166667 3.666667 1.030493
0.166667 3.750000 1.055968
0.166667 3.833333 1.104079
0.166667 3.916667 1.192959
0.166667 4.000000 1.353286
0.166667 4.083333 1.616615
0.166667 4.166667 1.882362
0.166667 4.250000 2.113974
0.166667 4.333333 2.307015
0.166667 4.416667 2.466420
0.166667 4.500000 2.598378
0.166667 4.583333 2.708193
0.166667 4.666667 2.799992
0.166667 4.750000 2.876906
0.166667 4.833333 2.941303
0.166667 4.916667 2.994980
0.166667 5.000000 3.039309
0.166667 5.083333 3.075337
0.166667 5.166667 3.103862
0.166667 5.250000 3.125484
0.166667 5.333333 3.140635
0.166667 5.416667 3.149613
0.166667 5.500000 3.152586

0.250000 0.000000 6.347738
0.250000 0.083333 6.338493
0.250000 0.166667 6.310703
0.250000 0.250000 6.264194
0.250000 0.333333 6.198666
0.250000 0.416667 6.113679
0.250000 0.500000 6.008630
0.250000 0.583333 5.882720
0.250000 0.666667 5.734919
0.250000 0.750000 5.563917
0.250000 0.833333 5.368077
0.250000 0.916667 5.145399
0.250000 1.000000 4.893539
0.250000 1.083333 4.609995
0.250000 1.166667 4.292700
0.250000 1.250000 3.941570
0.250000 1.333333 3.562079
0.250000 1.416667 3.172133
0.250000 1.500000 2.810763
0.250000 1.583333 2.531316
0.250000 1.666667 2.328629
0.250000 1.750000 2.182193
0.250000 1.833333 2.073860
0.250000 1.916667 1.990916
0.250000 2.000000 1.925090
0.250000 2.083333 1.871090
0.250000 2.166667 1.825513
0.250000 2.250000 1.786133
0.250000 2.333333 1.751460
0.250000 2.416667 1.720484
0.250000 2.500000 1.692500
0.250000 2.583333 1.667016
0.250000 2.666667 1.643684
0.250000 2.750000 1.622261
0.250000 2.833333 1.602586
0.250000 2.916667 1.584565
0.250000 3.000000 1.568164
0.250000 3.083333 1.553414
0.250000 3.166667 1.540426
0.250000 3.250000 1.529411
0.250000 3.333333 1.520732
0.250000 3.416667 1.514984
0.250000 3.500000 1.513133
0.250000 3.583333 1.516753
0.250000 3.666667 1.528425
0.250000 3.750000 1.552374
0.250000 3.833333 1.595347
0.250000 3.916667 1.667313
0.250000 4.000000 1.779937
0.250000 4.083333 1.936715
0.250000 4.166667 2.107999
0.250000 4.250000 2.272414
0.250000 4.333333 2.420632
0.250000 4.416667 2.550348
0.250000 4.500000 2.662331
0.250000 4.583333 2.758383
0.250000 4.666667 2.840463
0.250000 4.750000 2.910358
0.250000 4.833333 2.969590
0.250000 4.916667 3.019413
0.250000 5.000000 3.060844
0.250000 5.083333 3.094695
0.250000 5.166667 3.121602
0.250000 5.250000 3.142057
0.250000 5.333333 3.156420
0.250000 5.416667 3.164942
0.250000 5.500000 3.167766

0.333333 0.000000 6.413776
0.333333 0.083333 6.404775
0.333333 0.166667 6.377732
0.333333 0.250000 6.332520
0.333333 0.333333 6.268925
0.333333 0.416667 6.186638
0.333333 0.500000 6.085246
0.333333 0.583333 5.964229
0.333333 0.666667 5.822953
0.333333 0.750000 5.660680
0.333333 0.833333 5.476610
0.333333 0.916667 5.269968
0.333333 1.000000 5.040220
0.333333 1.083333 4.787501
0.333333 1.166667 4.513432
0.333333 1.250000 4.222544
0.333333 1.333333 3.924339
0.333333 1.416667 3.635020
0.333333 1.500000 3.374895
0.333333 1.583333 3.154516
0.333333 1.666667 2.975484
0.333333 1.750000 2.832346
0.333333 1.833333 2.717512
0.333333 1.916667 2.624023
0.333333 2.000000 2.546404
0.333333 2.083333 2.480620
0.333333 2.166667 2.423780
0.333333 2.250000 2.373831
0.333333 2.333333 2.329314
0.333333 2.416667 2.289183
0.333333 2.500000 2.252685
0.333333 2.583333 2.219275
0.333333 2.666667 2.188559
0.333333 2.750000 2.160255
0.333333 2.833333 2.134172
0.333333 2.916667 2.110192
0.333333 3.000000 2.088265
0.333333 3.083333 2.068409
0.333333 3.166667 2.050721
0.333333 3.250000 2.035397
0.333333 3.333333 2.022764
0.333333 3.416667 2.013333
0.333333 3.500000 2.007884
0.333333 3.583333 2.007572
0.333333 3.666667 2.014081
0.333333 3.750000 2.029757
0.333333 3.833333 2.057624
0.333333 3.916667 2.101007
0.333333 4.000000 2.162434
0.333333 4.083333 2.242311
0.333333 4.166667 2.340505
0.333333 4.250000 2.447052
0.333333 4.333333 2.552750
0.333333 4.416667 2.652011
0.333333 4.500000 2.742215
0.333333 4.583333 2.822546
0.333333 4.666667 2.893120
0.333333 4.750000 2.954473
0.333333 4.833333 3.007284
0.333333 4.916667 3.052238
0.333333 5.000000 3.089961
0.333333 5.083333 3.120996
0.333333 5.166667 3.145796
0.333333 5.250000 3.164721
0.333333 5.333333 3.178048
0.333333 5.416667 3.185968
0.333333 5.500000 3.188595

0.416667 0.000000 6.497815
0.416667 0.083333 6.489100
0.416667 0.166667 6.462929
0.416667 0.250000 6.419230
0.416667 0.333333 6.357877
0.416667 0.416667 6.278700
0.416667 0.500000 6.181488
0.416667 0.583333 6.065997
0.416667 0.666667 5.931982
0.416667 0.750000 5.779242
0.416667 0.833333 5.607714
0.416667 0.916667 5.417643
0.416667 1.000000 5.209872
0.416667 1.083333 4.986355
0.416667 1.166667 4.750984
0.416667 1.250000 4.510835
0.416667 1.333333 4.277714
0.416667 1.416667 4.068712
0.416667 1.500000 3.899281
0.416667 1.583333 3.736368
0.416667 1.666667 3.586447
0.416667 1.750000 3.454197
0.416667 1.833333 3.339817
0.416667 1.916667 3.241261
0.416667 2.000000 3.155885
0.416667 2.083333 3.081205
0.416667 2.166667 3.015154
0.416667 2.250000 2.956098
0.416667 2.333333 2.902781
0.416667 2.416667 2.854249
0.416667 2.500000 2.809782
0.416667 2.583333 2.768840
0.416667 2.666667 2.731021
0.416667 2.750000 2.696029
0.416667 2.833333 2.663655
0.416667 2.916667 2.633767
0.416667 3.000000 2.606294
0.416667 3.083333 2.581234
0.416667 3.166667 2.558652
0.416667 3.250000 2.538693
0.416667 3.333333 2.521593
0.416667 3.416667 2.507702
0.416667 3.500000 2.497496
0.416667 3.583333 2.491571
0.416667 3.666667 2.490571
0.416667 3.750000 2.494947
0.416667 3.833333 2.504383
0.416667 3.916667 2.516660
0.416667 4.000000 2.526479
0.416667 4.083333 2.529590
0.416667 4.166667 2.564657
0.416667 4.250000 2.622539
0.416667 4.333333 2.691306
0.416667 4.416667 2.762729
0.416667 4.500000 2.831973
0.416667 4.583333 2.896466
0.416667 4.666667 2.954998
0.416667 4.750000 3.007130
0.416667 4.833333 3.052836
0.416667 4.916667 3.092293
0.416667 5.000000 3.125765
0.416667 5.083333 3.153533
0.416667 5.166667 3.175863
0.416667 5.250000 3.192985
0.416667 5.333333 3.205081
0.416667 5.416667 3.212286
0.416667 5.500000 3.214678

0.500000 0.000000 6.599284
0.500000 0.083333 6.590879
0.500000 0.166667 6.565656
0.500000 0.250000 6.523592
0.500000 0.333333 6.464652
0.500000 0.416667 6.388799
0.500000 0.500000 6.296007
0.500000 0.583333 6.186289
0.500000 0.666667 6.059736
0.500000 0.750000 5.916591
0.500000 0.833333 5.757363
0.500000 0.916667 5.583016
0.500000 1.000000 5.395270
0.500000 1.083333 5.197065
0.500000 1.166667 4.993312
0.500000 1.250000 4.792097
0.500000 1.333333 4.606969
0.500000 1.416667 4.462835
0.500000 1.500000 4.417147
0.500000 1.583333 4.305229
0.500000 1.666667 4.179739
0.500000 1.750000 4.058177
0.500000 1.833333 3.946298
0.500000 1.916667 3.845320
0.500000 2.000000 3.754667
0.500000 2.083333 3.673162
0.500000 2.166667 3.599534
0.500000 2.250000 3.532626
0.500000 2.333333 3.471463
0.500000 2.416667 3.415249
0.500000 2.500000 3.363354
0.500000 2.583333 3.315284
0.500000 2.666667 3.270656
0.500000 2.750000 3.229183
0.500000 2.833333 3.190654
0.500000 2.916667 3.154925
0.500000 3.000000 3.121911
0.500000 3.083333 3.091581
0.500000 3.166667 3.063961
0.500000 3.250000 3.039129
0.500000 3.333333 3.017213
0.500000 3.416667 2.998386
0.500000 3.500000 2.982828
0.500000 3.583333 2.970646
0.500000 3.666667 2.961683
0.500000 3.750000 2.955079
0.500000 3.833333 2.948301
0.500000 3.916667 2.934769
0.500000 4.000000 2.897233
0.500000 4.083333 2.784912
0.500000 4.166667 2.765995
0.500000 4.250000 2.787140
0.500000 4.333333 2.827207
0.500000 4.416667 2.875628
0.500000 4.500000 2.926481
0.500000 4.583333 2.976345
0.500000 4.666667 3.023276
0.500000 4.750000 3.066214
0.500000 4.833333 3.104637
0.500000 4.916667 3.138335
0.500000 5.000000 3.167272
0.500000 5.083333 3.191508
0.500000 5.166667 3.211139
0.500000 5.250000 3.226273
0.500000 5.333333 3.237007
0.500000 5.416667 3.243416
0.500000 5.500000 3.245547

0.583333 0.000000 6.717563
0.583333 0.083333 6.709477
0.583333 0.166667 6.685225
0.583333 0.250000 6.644830
0.583333 0.333333 6.588340
0.583333 0.416667 6.515836
0.583333 0.500000 6.427454
0.583333 0.583333 6.323416
0.583333 0.666667 6.204082
0.583333 0.750000 6.070022
0.583333 0.833333 5.922130
0.583333 0.916667 5.761791
0.583333 1.000000 5.591125
0.583333 1.083333 5.413323
0.583333 1.166667 5.233104
0.583333 1.250000 5.057273
0.583333 1.333333 4.895230
0.583333 1.416667 4.758510
0.583333 1.500000 4.654023
0.583333 1.583333 4.540440
0.583333 1.666667 4.421880
0.583333 1.750000 4.305250
0.583333 1.833333 4.194658
0.583333 1.916667 4.091830
0.583333 2.000000 3.997081
0.583333 2.083333 3.910020
0.583333 2.166667 3.829970
0.583333 2.250000 3.756188
0.583333 2.333333 3.687973
0.583333 2.416667 3.624709
0.583333 2.500000 3.565880
0.583333 2.583333 3.511061
0.583333 2.666667 3.459914
0.583333 2.750000 3.412171
0.583333 2.833333 3.367631
0.583333 2.916667 3.326147
0.583333 3.000000 3.287620
0.583333 3.083333 3.251997
0.583333 3.166667 3.219261
0.583333 3.250000 3.189425
0.583333 3.333333 3.162523
0.583333 3.416667 3.138580
0.583333 3.500000 3.117562
0.583333 3.583333 3.099281
0.583333 3.666667 3.083212
0.583333 3.750000 3.068164
0.583333 3.833333 3.051750
0.583333 3.916667 3.029661
0.583333 4.000000 2.995549
0.583333 4.083333 2.946831
0.583333 4.166667 2.927269
0.583333 4.250000 2.932820
0.583333 4.333333 2.954753
0.583333 4.416667 2.986094
0.583333 4.500000 3.021977
0.583333 4.583333 3.059160
0.583333 4.666667 3.095545
0.583333 4.750000 3.129813
0.583333 4.833333 3.161164
0.583333 4.916667 3.189136
0.583333 5.000000 3.213482
0.583333 5.083333 3.234086
0.583333 5.166667 3.250912
0.583333 5.250000 3.263962
0.583333 5.333333 3.273258
0.583333 5.416667 3.278824
0.583333 5.500000 3.280677

0.666667 0.000000 6.852015
0.666667 0.083333 6.844240
0.666667 0.166667 6.820935
0.666667 0.250000 6.782164
0.666667 0.333333 6.728043
0.666667 0.416667 6.658751
0.666667 0.500000 6.574555
0.666667 0.583333 6.475840
0.666667 0.666667 6.363155
0.666667 0.750000 6.237285
0.666667 0.833333 6.099343
0.666667 0.916667 5.950893
0.666667 1.000000 5.794116
0.666667 1.083333 5.631998
0.666667 1.166667 5.468507
0.666667 1.250000 5.308659
0.666667 1.333333 5.158169
0.666667 1.416667 5.021953
0.666667 1.500000 4.899995
0.666667 1.583333 4.780627
0.666667 1.666667 4.662092
0.666667 1.750000 4.546285
0.666667 1.833333 4.435255
0.666667 1.916667 4.330262
0.666667 2.000000 4.231806
0.666667 2.083333 4.139867
0.666667 2.166667 4.054139
0.666667 2.250000 3.974183
0.666667 2.333333 3.899531
0.666667 2.416667 3.829735
0.666667 2.500000 3.764395
0.666667 2.583333 3.703168
0.666667 2.666667 3.645766
0.666667 2.750000 3.591956
0.666667 2.833333 3.541552
0.666667 2.916667 3.494411
0.666667 3.000000 3.450427
0.666667 3.083333 3.409526
0.666667 3.166667 3.371659
0.666667 3.250000 3.336788
0.666667 3.333333 3.304874
0.666667 3.416667 3.275847
0.666667 3.500000 3.249558
0.666667 3.583333 3.225705
0.666667 3.666667 3.203718
0.666667 3.750000 3.182616
0.666667 3.833333 3.160876
0.666667 3.916667 3.136574
0.666667 4.000000 3.108471
0.666667 4.083333 3.079595
0.666667 4.166667 3.063431
0.666667 4.250000 3.062117
0.666667 4.333333 3.072892
0.666667 4.416667 3.092018
0.666667 4.500000 3.116173
0.666667 4.583333 3.142773
0.666667 4.666667 3.169931
0.666667 4.750000 3.196328
0.666667 4.833333 3.221069
0.666667 4.916667 3.243563
0.666667 5.000000 3.263433
0.666667 5.083333 3.280444
0.666667 5.166667 3.294461
0.666667 5.250000 3.305406
0.666667 5.333333 3.313240
0.666667 5.416667 3.317945
0.666667 5.500000 3.319514

0.750000 0.000000 7.002018
0.750000 0.083333 6.994533
0.750000 0.166667 6.972111
0.750000 0.250000 6.934848
0.750000 0.333333 6.882916
0.750000 0.416667 6.816571
0.750000 0.500000 6.736177
0.750000 0.583333 6.642232
0.750000 0.666667 6.535412
0.750000 0.750000 6.416621
0.750000 0.833333 6.287063
0.750000 0.916667 6.148321
0.750000 1.000000 6.002450
0.750000 1.083333 5.852046
0.750000 1.166667 5.700268
0.750000 1.250000 5.550689
0.750000 1.333333 5.406832
0.750000 1.416667 5.271138
0.750000 1.500000 5.143377
0.750000 1.583333 5.019981
0.750000 1.666667 4.899574
0.750000 1.750000 4.782545
0.750000 1.833333 4.669813
0.750000 1.916667 4.562156
0.750000 2.000000 4.460012
0.750000 2.083333 4.363505
0.750000 2.166667 4.272535
0.750000 2.250000 4.186874
0.750000 2.333333 4.106232
0.750000 2.416667 4.030304
0.750000 2.500000 3.958798
0.750000 2.583333 3.891450
0.750000 2.666667 3.828028
0.750000 2.750000 3.768336
0.750000 2.833333 3.712210
0.750000 2.916667 3.659517
0.750000 3.000000 3.610150
0.750000 3.083333 3.564022
0.750000 3.166667 3.521061
0.750000 3.250000 3.481194
0.750000 3.333333 3.444339
0.750000 3.416667 3.410377
0.750000 3.500000 3.379118
0.750000 3.583333 3.350261
0.750000 3.666667 3.323342
0.750000 3.750000 3.297705
0.750000 3.833333 3.272563
0.750000 3.916667 3.247289
0.750000 4.000000 3.222165
0.750000 4.083333 3.199649
0.750000 4.166667 3.184740
0.750000 4.250000 3.179327
0.750000 4.333333 3.182680
0.750000 4.416667 3.192913
0.750000 4.500000 3.207926
0.750000 4.583333 3.225826
0.750000 4.666667 3.245078
0.750000 4.750000 3.264501
0.750000 4.833333 3.283222
0.750000 4.916667 3.300616
0.750000 5.000000 3.316241
0.750000 5.083333 3.329797
0.750000 5.166667 3.341080
0.750000 5.250000 3.349960
0.750000 5.333333 3.356350
0.750000 5.416667 3.360202
0.750000 5.500000 3.361489

0.833333 0.000000 7.166990
0.833333 0.083333 7.159764
0.833333 0.166667 7.138127
0.833333 0.250000 7.102202
0.833333 0.333333 7.052202
0.833333 0.416667 6.988440
0.833333 0.500000 6.911348
0.833333 0.583333 6.821500
0.833333 0.666667 6.719640
0.833333 0.750000 6.606725
0.833333 0.833333 6.483968
0.833333 0.916667 6.352880
0.833333 1.000000 6.215314
0.833333 1.083333 6.073468
0.833333 1.166667 5.929829
0.833333 1.250000 5.786998
0.833333 1.333333 5.647331
0.833333 1.416667 5.512391
0.833333 1.500000 5.382392
0.833333 1.583333 5.256346
0.833333 1.666667 5.133680
0.833333 1.750000 5.014508
0.833333 1.833333 4.899296
0.833333 1.916667 4.788538
0.833333 2.000000 4.682583
0.833333 2.083333 4.581605
0.833333 2.166667 4.485623
0.833333 2.250000 4.394547
0.833333 2.333333 4.308219
0.833333 2.416667 4.226451
0.833333 2.500000 4.149043
0.833333 2.583333 4.075805
0.833333 2.666667 4.006560
0.833333 2.750000 3.941149
0.833333 2.833333 3.879435
0.833333 2.916667 3.821298
0.833333 3.000000 3.766634
0.833333 3.083333 3.715353
0.833333 3.166667 3.667367
0.833333 3.250000 3.622588
0.833333 3.333333 3.580911
0.833333 3.416667 3.542202
0.833333 3.500000 3.506276
0.833333 3.583333 3.472880
0.833333 3.666667 3.441682
0.833333 3.750000 3.412298
0.833333 3.833333 3.384383
0.833333 3.916667 3.357853
0.833333 4.000000 3.333252
0.833333 4.083333 3.312094
0.833333 4.166667 3.296556
0.833333 4.250000 3.287769
0.833333 4.333333 3.285586
0.833333 4.416667 3.289031
0.833333 4.500000 3.296789
0.833333 4.583333 3.307528
0.833333 4.666667 3.320054
0.833333 4.750000 3.333374
0.833333 4.833333 3.346703
0.833333 4.916667 3.359436
0.833333 5.000000 3.371119
0.833333 5.083333 3.381421
0.833333 5.166667 3.390105
0.833333 5.250000 3.397002
0.833333 5.333333 3.401999
0.833333 5.416667 3.405024
0.833333 5.500000 3.406037

0.916667 0.000000 7.346414
0.916667 0.083333 7.339407
0.916667 0.166667 7.318431
0.916667 0.250000 7.283631
0.916667 0.333333 7.235249
0.916667 0.416667 7.173639
0.916667 0.500000 7.099277
0.916667 0.583333 7.012779
0.916667 0.666667 6.914923
0.916667 0.750000 6.806672
0.916667 0.833333 6.689202
0.916667 0.916667 6.563917
0.916667 1.000000 6.432459
0.916667 1.083333 6.296683
0.916667 1.166667 6.158582
0.916667 1.250000 6.020141
0.916667 1.333333 5.883105
0.916667 1.416667 5.748702
0.916667 1.500000 5.617456
0.916667 1.583333 5.489332
0.916667 1.666667 5.364290
0.916667 1.750000 5.242509
0.916667 1.833333 5.124328
0.916667 1.916667 5.010115
0.916667 2.000000 4.900176
0.916667 2.083333 4.794709
0.916667 2.166667 4.693806
0.916667 2.250000 4.597471
0.916667 2.333333 4.505647
0.916667 2.416667 4.418236
0.916667 2.500000 4.335119
0.916667 2.583333 4.256167
0.916667 2.666667 4.181256
0.916667 2.750000 4.110265
0.916667 2.833333 4.043082
0.916667 2.916667 3.979604
0.916667 3.000000 3.919736
0.916667 3.083333 3.863387
0.916667 3.166667 3.810467
0.916667 3.250000 3.760879
0.916667 3.333333 3.714516
0.916667 3.416667 3.671245
0.916667 3.500000 3.630905
0.916667 3.583333 3.593300
0.916667 3.666667 3.558209
0.916667 3.750000 3.525423
0.916667 3.833333 3.494818
0.916667 3.916667 3.466489
0.916667 4.000000 3.440895
0.916667 4.083333 3.418921
0.916667 4.166667 3.401619
0.916667 4.250000 3.389610
0.916667 4.333333 3.382864
0.916667 4.416667 3.380833
0.916667 4.500000 3.382673
0.916667 4.583333 3.387443
0.916667 4.666667 3.394234
0.916667 4.750000 3.402240
0.916667 4.833333 3.410781
0.916667 4.916667 3.419305
0.916667 5.000000 3.427378
0.916667 5.083333 3.434665
0.916667 5.166667 3.440916
0.916667 5.250000 3.445944
0.916667 5.333333 3.449621
0.916667 5.416667 3.451859
0.916667 5.500000 3.452610

1.000000 0.000000 7.539852
1.000000 0.083333 7.533017
1.000000 0.166667 7.512561
1.000000 0.250000 7.478642
1.000000 0.333333 7.431525
1.000000 0.416667 7.371590
1.000000 0.500000 7.299341
1.000000 0.583333 7.215416
1.000000 0.666667 7.120599
1.000000 0.750000 7.015839
1.000000 0.833333 6.902251
1.000000 0.916667 6.781127
1.000000 1.000000 6.653923
1.000000 1.083333 6.522224
1.000000 1.166667 6.387676
1.000000 1.250000 6.251879
1.000000 1.333333 6.116245
1.000000 1.416667 5.981857
1.000000 1.500000 5.849397
1.000000 1.583333 5.719235
1.000000 1.666667 5.591641
1.000000 1.750000 5.466911
1.000000 1.833333 5.345390
1.000000 1.916667 5.227419
1.000000 2.000000 5.113297
1.000000 2.083333 5.003248
1.000000 2.166667 4.897419
1.000000 2.250000 4.795885
1.000000 2.333333 4.698663
1.000000 2.416667 4.605728
1.000000 2.500000 4.517028
1.000000 2.583333 4.432490
1.000000 2.666667 4.352034
1.000000 2.750000 4.275574
1.000000 2.833333 4.203025
1.000000 2.916667 4.134302
1.000000 3.000000 4.069319
1.000000 3.083333 4.007992
1.000000 3.166667 3.950233
1.000000 3.250000 3.895947
1.000000 3.333333 3.845028
1.000000 3.416667 3.797358
1.000000 3.500000 3.752799
1.000000 3.583333 3.711205
1.000000 3.666667 3.672432
1.000000 3.750000 3.636366
1.000000 3.833333 3.602978
1.000000 3.916667 3.572388
1.000000 4.000000 3.544919
1.000000 4.083333 3.521074
1.000000 4.166667 3.501391
1.000000 4.250000 3.486185
1.000000 4.333333 3.475428
1.000000 4.416667 3.468766
1.000000 4.500000 3.465628
1.000000 4.583333 3.465337
1.000000 4.666667 3.467200
1.000000 4.750000 3.470571
1.000000 4.833333 3.474875
1.000000 4.916667 3.479625
1.000000 5.000000 3.484422
1.000000 5.083333 3.488946
1.000000 5.166667 3.492948
1.000000 5.250000 3.496238
1.000000 5.333333 3.498680
1.000000 5.416667 3.500181
1.000000 5.500000 3.500687

1.083333 0.000000 7.746963
1.083333 0.083333 7.740246
1.083333 0.166667 7.720153
1.083333 0.250000 7.686851
1.083333 0.333333 7.640619
1.083333 0.416667 7.581856
1.083333 0.500000 7.511082
1.083333 0.583333 7.428943
1.083333 0.666667 7.336221
1.083333 0.750000 7.233833
1.083333 0.833333 7.122835
1.083333 0.916667 7.004417
1.083333 1.000000 6.879882
1.083333 1.083333 6.750613
1.083333 1.166667 6.618018
1.083333 1.250000 6.483454
1.083333 1.333333 6.348141
1.083333 1.416667 6.213082
1.083333 1.500000 6.079040
1.083333 1.583333 5.946572
1.083333 1.666667 5.816125
1.083333 1.750000 5.688105
1.083333 1.833333 5.562901
1.083333 1.916667 5.440875
1.083333 2.000000 5.322345
1.083333 2.083333 5.207568
1.083333 2.166667 5.096738
1.083333 2.250000 4.989986
1.083333 2.333333 4.887391
1.083333 2.416667 4.788987
1.083333 2.500000 4.694774
1.083333 2.583333 4.604730
1.083333 2.666667 4.518814
1.083333 2.750000 4.436972
1.083333 2.833333 4.359142
1.083333 2.916667 4.285258
1.083333 3.000000 4.215246
1.083333 3.083333 4.149030
1.083333 3.166667 4.086527
1.083333 3.250000 4.027647
1.083333 3.333333 3.972293
1.083333 3.416667 3.920357
1.083333 3.500000 3.871728
1.083333 3.583333 3.826291
1.083333 3.666667 3.783947
1.083333 3.750000 3.744630
1.083333 3.833333 3.708339
1.083333 3.916667 3.675168
1.083333 4.000000 3.645317
1.083333 4.083333 3.619066
1.083333 4.166667 3.596684
1.083333 4.250000 3.578313
1.083333 4.333333 3.563896
1.083333 4.416667 3.553174
1.083333 4.500000 3.545735
1.083333 4.583333 3.541075
1.083333 4.666667 3.538660
1.083333 4.750000 3.537968
1.083333 4.833333 3.538522
1.083333 4.916667 3.539898
1.083333 5.000000 3.541740
1.083333 5.083333 3.543750
1.083333 5.166667 3.545692
1.083333 5.250000 3.547381
1.083333 5.333333 3.548681
1.083333 5.416667 3.549497
1.083333 5.500000 3.549775

1.166667 0.000000 7.967505
1.166667 0.083333 7.960853
1.166667 0.166667 7.940956
1.166667 0.250000 7.907988
1.166667 0.333333 7.862243
1.166667 0.416667 7.804133
1.166667 0.500000 7.734186
1.166667 0.583333 7.653055
1.166667 0.666667 7.561508
1.166667 0.750000 7.460436
1.166667 0.833333 7.350840
1.166667 0.916667 7.233824
1.166667 1.000000 7.110574
1.166667 1.083333 6.982328
1.166667 1.166667 6.850329
1.166667 1.250000 6.715780
1.166667 1.333333 6.579781
1.166667 1.416667 6.443292
1.166667 1.500000 6.307109
1.166667 1.583333 6.171888
1.166667 1.666667 6.038183
1.166667 1.750000 5.906483
1.166667 1.833333 5.777234
1.166667 1.916667 5.650835
1.166667 2.000000 5.527639
1.166667 2.083333 5.407941
1.166667 2.166667 5.291979
1.166667 2.250000 5.179931
1.166667 2.333333 5.071928
1.166667 2.416667 4.968053
1.166667 2.500000 4.868352
1.166667 2.583333 4.772844
1.166667 2.666667 4.681520
1.166667 2.750000 4.594357
1.166667 2.833333 4.511314
1.166667 2.916667 4.432341
1.166667 3.000000 4.357378
1.166667 3.083333 4.286355
1.166667 3.166667 4.219198
1.166667 3.250000 4.155822
1.166667 3.333333 4.096138
1.166667 3.416667 4.040051
1.166667 3.500000 3.987464
1.166667 3.583333 3.938284
1.166667 3.666667 3.892435
1.166667 3.750000 3.849869
1.166667 3.833333 3.810581
1.166667 3.916667 3.774627
1.166667 4.000000 3.742116
1.166667 4.083333 3.713189
1.166667 4.166667 3.687967
1.166667 4.250000 3.666487
1.166667 4.333333 3.648669
1.166667 4.416667 3.634300
1.166667 4.500000 3.623063
1.166667 4.583333 3.614569
1.166667 4.666667 3.608396
1.166667 4.750000 3.604121
1.166667 4.833333 3.601346
1.166667 4.916667 3.599707
1.166667 5.000000 3.598888
1.166667 5.083333 3.598622
1.166667 5.166667 3.598689
1.166667 5.250000 3.598913
1.166667 5.333333 3.599165
1.166667 5.416667 3.599351
1.166667 5.500000 3.599420

1.250000 0.000000 8.201352
1.250000 0.083333 8.194705
1.250000 0.166667 8.174828
1.250000 0.250000 8.141903
1.250000 0.333333 8.096234
1.250000 0.416667 8.038245
1.250000 0.500000 7.968476
1.250000 0.583333 7.887581
1.250000 0.666667 7.796322
1.250000 0.750000 7.695563
1.250000 0.833333 7.586265
1.250000 0.916667 7.469466
1.250000 1.000000 7.346264
1.250000 1.083333 7.217794
1.250000 1.166667 7.085191
1.250000 1.250000 6.949554
1.250000 1.333333 6.811913
1.250000 1.416667 6.673194
1.250000 1.500000 6.534216
1.250000 1.583333 6.395688
1.250000 1.666667 6.258235
1.250000 1.750000 6.122412
1.250000 1.833333 5.988716
1.250000 1.916667 5.857593
1.250000 2.000000 5.729435
1.250000 2.083333 5.604579
1.250000 2.166667 5.483304
1.250000 2.250000 5.365832
1.250000 2.333333 5.252337
1.250000 2.416667 5.142944
1.250000 2.500000 5.037739
1.250000 2.583333 4.936772
1.250000 2.666667 4.840066
1.250000 2.750000 4.747621
1.250000 2.833333 4.659416
1.250000 2.916667 4.575415
1.250000 3.000000 4.495568
1.250000 3.083333 4.419815
1.250000 3.166667 4.348087
1.250000 3.250000 4.280305
1.250000 3.333333 4.216387
1.250000 3.416667 4.156245
1.250000 3.500000 4.099792
1.250000 3.583333 4.046947
1.250000 3.666667 3.997641
1.250000 3.750000 3.951828
1.250000 3.833333 3.909490
1.250000 3.916667 3.870643
1.250000 4.000000 3.835332
1.250000 4.083333 3.803608
1.250000 4.166667 3.775506
1.250000 4.250000 3.751000
1.250000 4.333333 3.729991
1.250000 4.416667 3.712294
1.250000 4.500000 3.697648
1.250000 4.583333 3.685741
1.250000 4.666667 3.676233
1.250000 4.750000 3.668775
1.250000 4.833333 3.663033
1.250000 4.916667 3.658695
1.250000 5.000000 3.655484
1.250000 5.083333 3.653162
1.250000 5.166667 3.651527
1.250000 5.250000 3.650419
1.250000 5.333333 3.649713
1.250000 5.416667 3.649324
1.250000 5.500000 3.649200

1.333333 0.000000 8.448491
1.333333 0.083333 8.441789
1.333333 0.166667 8.421748
1.333333 0.250000 8.388561
1.333333 0.333333 8.342545
1.333333 0.416667 8.284138
1.333333 0.500000 8.213893
1.333333 0.583333 8.132471
1.333333 0.666667 8.040633
1.333333 0.750000 7.939231
1.333333 0.833333 7.829191
1.333333 0.916667 7.711509
1.333333 1.000000 7.587222
1.333333 1.083333 7.457394
1.333333 1.166667 7.323086
1.333333 1.250000 7.185334
1.333333 1.333333 7.045121
1.333333 1.416667 6.903356
1.333333 1.500000 6.760871
1.333333 1.583333 6.618414
1.333333 1.666667 6.476658
1.333333 1.750000 6.336212
1.333333 1.833333 6.197624
1.333333 1.916667 6.061385
1.333333 2.000000 5.927930
1.333333 2.083333 5.797637
1.333333 2.166667 5.670825
1.333333 2.250000 5.547757
1.333333 2.333333 5.428644
1.333333 2.416667 5.313648
1.333333 2.500000 5.202886
1.333333 2.583333 5.096439
1.333333 2.666667 4.994352
1.333333 2.750000 4.896646
1.333333 2.833333 4.803315
1.333333 2.916667 4.714334
1.333333 3.000000 4.629664
1.333333 3.083333 4.549251
1.333333 3.166667 4.473029
1.333333 3.250000 4.400925
1.333333 3.333333 4.332860
1.333333 3.416667 4.268750
1.333333 3.500000 4.208513
1.333333 3.583333 4.152070
1.333333 3.666667 4.099354
1.333333 3.750000 4.050311
1.333333 3.833333 4.004907
1.333333 3.916667 3.963124
1.333333 4.000000 3.924958
1.333333 4.083333 3.890407
1.333333 4.166667 3.859447
1.333333 4.250000 3.832017
1.333333 4.333333 3.808003
1.333333 4.416667 3.787236
1.333333 4.500000 3.769493
1.333333 4.583333 3.754516
1.333333 4.666667 3.742020
1.333333 4.750000 3.731714
1.333333 4.833333 3.723315
1.333333 4.916667 3.716555
1.333333 5.000000 3.711193
1.333333 5.083333 3.707014
1.333333 5.166667 3.703839
1.333333 5.250000 3.701521
1.333333 5.333333 3.699946
1.333333 5.416667 3.699032
1.333333 5.500000 3.698733

1.416667 0.000000 8.709033
1.416667 0.083333 8.702211
1.416667 0.166667 8.681815
1.416667 0.250000 8.648048
1.416667 0.333333 8.601247
1.416667 0.416667 8.541868
1.416667 0.500000 8.470486
1.416667 0.583333 8.387777
1.416667 0.666667 8.294511
1.416667 0.750000 8.191534
1.416667 0.833333 8.079761
1.416667 0.916667 7.960157
1.416667 1.000000 7.833721
1.416667 1.083333 7.701473
1.416667 1.166667 7.564426
1.416667 1.250000 7.423576
1.416667 1.333333 7.279879
1.416667 1.416667 7.134239
1.416667 1.500000 6.987499
1.416667 1.583333 6.840438
1.416667 1.666667 6.693772
1.416667 1.750000 6.548155
1.416667 1.833333 6.404183
1.416667 1.916667 6.262393
1.416667 2.000000 6.123264
1.416667 2.083333 5.987214
1.416667 2.166667 5.854601
1.416667 2.250000 5.725727
1.416667 2.333333 5.600834
1.416667 2.416667 5.480117
1.416667 2.500000 5.363719
1.416667 2.583333 5.251744
1.416667 2.666667 5.144258
1.416667 2.750000 5.041295
1.416667 2.833333 4.942862
1.416667 2.916667 4.848943
1.416667 3.000000 4.759504
1.416667 3.083333 4.674495
1.416667 3.166667 4.593853
1.416667 3.250000 4.517507
1.416667 3.333333 4.445377
1.416667 3.416667 4.377382
1.416667 3.500000 4.313438
1.416667 3.583333 4.253467
1.416667 3.666667 4.197394
1.416667 3.750000 4.145157
1.416667 3.833333 4.096702
1.416667 3.916667 4.051986
1.416667 4.000000 4.010971
1.416667 4.083333 3.973615
1.416667 4.166667 3.939859
1.416667 4.250000 3.909617
1.416667 4.333333 3.882768
1.416667 4.416667 3.859153
1.416667 4.500000 3.838574
1.416667 4.583333 3.820809
1.416667 4.666667 3.805616
1.416667 4.750000 3.792747
1.416667 4.833333 3.781958
1.416667 4.916667 3.773019
1.416667 5.000000 3.765717
1.416667 5.083333 3.759862
1.416667 5.166667 3.755295
1.416667 5.250000 3.751880
1.416667 5.333333 3.749516
1.416667 5.416667 3.748126
1.416667 5.500000 3.747668

1.500000 0.000000 8.983218
1.500000 0.083333 8.976208
1.500000 0.166667 8.955252
1.500000 0.250000 8.920571
1.500000 0.333333 8.872525
1.500000 0.416667 8.811602
1.500000 0.500000 8.738406
1.500000 0.583333 8.653642
1.500000 0.666667 8.558098
1.500000 0.750000 8.452634
1.500000 0.833333 8.338161
1.500000 0.916667 8.215635
1.500000 1.000000 8.086034
1.500000 1.083333 7.950349
1.500000 1.166667 7.809569
1.500000 1.250000 7.664664
1.500000 1.333333 7.516581
1.500000 1.416667 7.366222
1.500000 1.500000 7.214448
1.500000 1.583333 7.062068
1.500000 1.666667 6.909836
1.500000 1.750000 6.758452
1.500000 1.833333 6.608559
1.500000 1.916667 6.460741
1.500000 2.000000 6.315519
1.500000 2.083333 6.173353
1.500000 2.166667 6.034640
1.500000 2.250000 5.899714
1.500000 2.333333 5.768850
1.500000 2.416667 5.642266
1.500000 2.500000 5.520129
1.500000 2.583333 5.402561
1.500000 2.666667 5.289641
1.500000 2.750000 5.181414
1.500000 2.833333 5.077895
1.500000 2.916667 4.979072
1.500000 3.000000 4.884914
1.500000 3.083333 4.795372
1.500000 3.166667 4.710382
1.500000 3.250000 4.629871
1.500000 3.333333 4.553760
1.500000 3.416667 4.481962
1.500000 3.500000 4.414392
1.500000 3.583333 4.350965
1.500000 3.666667 4.291600
1.500000 3.750000 4.236221
1.500000 3.833333 4.184758
1.500000 3.916667 4.137148
1.500000 4.000000 4.093326
1.500000 4.083333 4.053223
1.500000 4.166667 4.016756
1.500000 4.250000 3.983824
1.500000 4.333333 3.954301
1.500000 4.416667 3.928033
1.500000 4.500000 3.904842
1.500000 4.583333 3.884530
1.500000 4.666667 3.866888
1.500000 4.750000 3.851699
1.500000 4.833333 3.838753
1.500000 4.916667 3.827846
1.500000 5.000000 3.818792
1.500000 5.083333 3.811424
1.500000 5.166667 3.805597
1.500000 5.250000 3.801190
1.500000 5.333333 3.798110
1.500000 5.416667 3.796289
1.500000 5.500000 3.795687

1.583333 0.000000 9.271424
1.583333 0.083333 9.264151
1.583333 0.166667 9.242415
1.583333 0.250000 9.206459
1.583333 0.333333 9.156680
1.583333 0.416667 9.093608
1.583333 0.500000 9.017895
1.583333 0.583333 8.930286
1.583333 0.666667 8.831606
1.583333 0.750000 8.722741
1.583333 0.833333 8.604616
1.583333 0.916667 8.478189
1.583333 1.000000 8.344431
1.583333 1.083333 8.204322
1.583333 1.166667 8.058835
1.583333 1.250000 7.908933
1.583333 1.333333 7.755557
1.583333 1.416667 7.599620
1.583333 1.500000 7.442004
1.583333 1.583333 7.283550
1.583333 1.666667 7.125052
1.583333 1.750000 6.967259
1.583333 1.833333 6.810862
1.583333 1.916667 6.656492
1.583333 2.000000 6.504717
1.583333 2.083333 6.356039
1.583333 2.166667 6.210891
1.583333 2.250000 6.069640
1.583333 2.333333 5.932585
1.583333 2.416667 5.799968
1.583333 2.500000 5.671971
1.583333 2.583333 5.548730
1.583333 2.666667 5.430331
1.583333 2.750000 5.316826
1.583333 2.833333 5.208232
1.583333 2.916667 5.104537
1.583333 3.000000 5.005709
1.583333 3.083333 4.911696
1.583333 3.166667 4.822431
1.583333 3.250000 4.737837
1.583333 3.333333 4.657828
1.583333 3.416667 4.582314
1.583333 3.500000 4.511203
1.583333 3.583333 4.444401
1.583333 3.666667 4.381818
1.583333 3.750000 4.323367
1.583333 3.833333 4.268962
1.583333 3.916667 4.218522
1.583333 4.000000 4.171962
1.583333 4.083333 4.129193
1.583333 4.166667 4.090118
1.583333 4.250000 4.054623
1.583333 4.333333 4.022578
1.583333 4.416667 3.993836
1.583333 4.500000 3.968230
1.583333 4.583333 3.945582
1.583333 4.666667 3.925705
1.583333 4.750000 3.908409
1.583333 4.833333 3.893507
1.583333 4.916667 3.880820
1.583333 5.000000 3.870182
1.583333 5.083333 3.861445
1.583333 5.166667 3.854478
1.583333 5.250000 3.849173
1.583333 5.333333 3.845446
1.583333 5.416667 3.843234
1.583333 5.500000 3.842501

1.666667 0.000000 9.574176
1.666667 0.083333 9.566557
1.666667 0.166667 9.543796
1.666667 0.250000 9.506171
1.666667 0.333333 9.454126
1.666667 0.416667 9.388257
1.666667 0.500000 9.309279
1.666667 0.583333 9.218000
1.666667 0.666667 9.115301
1.666667 0.750000 9.002107
1.666667 0.833333 8.879374
1.666667 0.916667 8.748073
1.666667 1.000000 8.609180
1.666667 1.083333 8.463672
1.666667 1.166667 8.312517
1.666667 1.250000 8.156675
1.666667 1.333333 7.997092
1.666667 1.416667 7.834698
1.666667 1.500000 7.670399
1.666667 1.583333 7.505073
1.666667 1.666667 7.339564
1.666667 1.750000 7.174670
1.666667 1.833333 7.011136
1.666667 1.916667 6.849647
1.666667 2.000000 6.690819
1.666667 2.083333 6.535195
1.666667 2.166667 6.383247
1.666667 2.250000 6.235368
1.666667 2.333333 6.091883
1.666667 2.416667 5.953048
1.666667 2.500000 5.819059
1.666667 2.583333 5.690055
1.666667 2.666667 5.566128
1.666667 2.750000 5.447327
1.666667 2.833333 5.333668
1.666667 2.916667 5.225135
1.666667 3.000000 5.121689
1.666667 3.083333 5.023272
1.666667 3.166667 4.929810
1.666667 3.250000 4.841217
1.666667 3.333333 4.757402
1.666667 3.416667 4.678264
1.666667 3.500000 4.603704
1.666667 3.583333 4.533618
1.666667 3.666667 4.467906
1.666667 3.750000 4.406467
1.666667 3.833333 4.349203
1.666667 3.916667 4.296015
1.666667 4.000000 4.246806
1.666667 4.083333 4.201471
1.666667 4.166667 4.159900
1.666667 4.250000 4.121971
1.666667 4.333333 4.087553
1.666667 4.416667 4.056502
1.666667 4.500000 4.028660
1.666667 4.583333 4.003863
1.666667 4.666667 3.981942
1.666667 4.750000 3.962725
1.666667 4.833333 3.946046
1.666667 4.916667 3.931745
1.666667 5.000000 3.919672
1.666667 5.083333 3.909695
1.666667 5.166667 3.901697
1.666667 5.250000 3.895579
1.666667 5.333333 3.891265
1.666667 5.416667 3.888700
1.666667 5.500000 3.887848

1.750000 0.000000 9.892164
1.750000 0.083333 9.884106
1.750000 0.166667 9.860043
1.750000 0.250000 9.820301
1.750000 0.333333 9.765398
1.750000 0.416667 9.696016
1.750000 0.500000 9.612962
1.750000 0.583333 9.517135
1.750000 0.666667 9.409490
1.750000 0.750000 9.291012
1.750000 0.833333 9.162699
1.750000 0.916667 9.025548
1.750000 1.000000 8.880545
1.750000 1.083333 8.728668
1.750000 1.166667 8.570886
1.750000 1.250000 8.408158
1.750000 1.333333 8.241440
1.750000 1.416667 8.071681
1.750000 1.500000 7.899820
1.750000 1.583333 7.726781
1.750000 1.666667 7.553462
1.750000 1.750000 7.380721
1.750000 1.833333 7.209366
1.750000 1.916667 7.040141
1.750000 2.000000 6.873715
1.750000 2.083333 6.710677
1.750000 2.166667 6.551532
1.750000 2.250000 6.396703
1.750000 2.333333 6.246531
1.750000 2.416667 6.101284
1.750000 2.500000 5.961161
1.750000 2.583333 5.826303
1.750000 2.666667 5.696798
1.750000 2.750000 5.572687
1.750000 2.833333 5.453978
1.750000 2.916667 5.340646
1.750000 3.000000 5.232640
1.750000 3.083333 5.129893
1.750000 3.166667 5.032318
1.750000 3.250000 4.939821
1.750000 3.333333 4.852297
1.750000 3.416667 4.769638
1.750000 3.500000 4.691730
1.750000 3.583333 4.618462
1.750000 3.666667 4.549720
1.750000 3.750000 4.485391
1.750000 3.833333 4.425366
1.750000 3.916667 4.369531
1.750000 4.000000 4.317776
1.750000 4.083333 4.269985
1.750000 4.166667 4.226038
1.750000 4.250000 4.185809
1.750000 4.333333 4.149163
1.750000 4.416667 4.115958
1.750000 4.500000 4.086044
1.750000 4.583333 4.059269
1.750000 4.666667 4.035474
1.750000 4.750000 4.014504
1.750000 4.833333 3.996208
1.750000 4.916667 3.980440
1.750000 5.000000 3.967067
1.750000 5.083333 3.955967
1.750000 5.166667 3.947034
1.750000 5.250000 3.940181
1.750000 5.333333 3.935337
1.750000 5.416667 3.932451
1.750000 5.500000 3.931493

1.833333 0.000000 10.226268
1.833333 0.083333 10.217660
1.833333 0.166667 10.191969
1.833333 0.250000 10.149591
1.833333 0.333333 10.091149
1.833333 0.416667 10.017446
1.833333 0.500000 9.929420
1.833333 0.583333 9.828089
1.833333 0.666667 9.714511
1.833333 0.750000 9.589752
1.833333 0.833333 9.454864
1.833333 0.916667 9.310874
1.833333 1.000000 9.158783
1.833333 1.083333 8.999571
1.833333 1.166667 8.834200
1.833333 1.250000 8.663632
1.833333 1.333333 8.488829
1.833333 1.416667 8.310765
1.833333 1.500000 8.130419
1.833333 1.583333 7.948769
1.833333 1.666667 7.766780
1.833333 1.750000 7.585386
1.833333 1.833333 7.405467
1.833333 1.916667 7.227837
1.833333 2.000000 7.053224
1.833333 2.083333 6.882265
1.833333 2.166667 6.715503
1.833333 2.250000 6.553380
1.833333 2.333333 6.396254
1.833333 2.416667 6.244394
1.833333 2.500000 6.097999
1.833333 2.583333 5.957200
1.833333 2.666667 5.822072
1.833333 2.750000 5.692646
1.833333 2.833333 5.568912
1.833333 2.916667 5.450830
1.833333 3.000000 5.338334
1.833333 3.083333 5.231340
1.833333 3.166667 5.129749
1.833333 3.250000 5.033451
1.833333 3.333333 4.942328
1.833333 3.416667 4.856259
1.833333 3.500000 4.775118
1.833333 3.583333 4.698780
1.833333 3.666667 4.627120
1.833333 3.750000 4.560013
1.833333 3.833333 4.497337
1.833333 3.916667 4.438968
1.833333 4.000000 4.384782
1.833333 4.083333 4.334655
1.833333 4.166667 4.288460
1.833333 4.250000 4.246064
1.833333 4.333333 4.207331
1.833333 4.416667 4.172122
1.833333 4.500000 4.140291
1.833333 4.583333 4.111693
1.833333 4.666667 4.086181
1.833333 4.750000 4.063610
1.833333 4.833333 4.043841
1.833333 4.916667 4.026741
1.833333 5.000000 4.012188
1.833333 5.083333 4.000071
1.833333 5.166667 3.990293
1.833333 5.250000 3.982775
1.833333 5.333333 3.977451
1.833333 5.416667 3.974275
1.833333 5.500000 3.973220

1.916667 0.000000 10.577590
1.916667 0.083333 10.568295
1.916667 0.166667 10.540583
1.916667 0.250000 10.494947
1.916667 0.333333 10.432159
1.916667 0.416667 10.353199
1.916667 0.500000 10.259182
1.916667 0.583333 10.151289
1.916667 0.666667 10.030713
1.916667 0.750000 9.898621
1.916667 0.833333 9.756130
1.916667 0.916667 9.604301
1.916667 1.000000 9.444144
1.916667 1.083333 9.276631
1.916667 1.166667 9.102712
1.916667 1.250000 8.923339
1.916667 1.333333 8.739480
1.916667 1.416667 8.552132
1.916667 1.500000 8.362321
1.916667 1.583333 8.171095
1.916667 1.666667 7.979505
1.916667 1.750000 7.788575
1.916667 1.833333 7.599279
1.916667 1.916667 7.412514
1.916667 2.000000 7.229078
1.916667 2.083333 7.049659
1.916667 2.166667 6.874832
1.916667 2.250000 6.705062
1.916667 2.333333 6.540710
1.916667 2.416667 6.382041
1.916667 2.500000 6.229241
1.916667 2.583333 6.082424
1.916667 2.666667 5.941645
1.916667 2.750000 5.806912
1.916667 2.833333 5.678194
1.916667 2.916667 5.555427
1.916667 3.000000 5.438526
1.916667 3.083333 5.327385
1.916667 3.166667 5.221888
1.916667 3.250000 5.121906
1.916667 3.333333 5.027306
1.916667 3.416667 4.937951
1.916667 3.500000 4.853702
1.916667 3.583333 4.774420
1.916667 3.666667 4.699967
1.916667 3.750000 4.630206
1.916667 3.833333 4.565001
1.916667 3.916667 4.504220
1.916667 4.000000 4.447729
1.916667 4.083333 4.395394
1.916667 4.166667 4.347081
1.916667 4.250000 4.302654
1.916667 4.333333 4.261976
1.916667 4.416667 4.224907
1.916667 4.500000 4.191306
1.916667 4.583333 4.161032
1.916667 4.666667 4.133947
1.916667 4.750000 4.109915
1.916667 4.833333 4.088805
1.916667 4.916667 4.070496
1.916667 5.000000 4.054873
1.916667 5.083333 4.041835
1.916667 5.166667 4.031293
1.916667 5.250000 4.023173
1.916667 5.333333 4.017416
1.916667 5.416667 4.013979
1.916667 5.500000 4.012836

2.000000 0.000000 10.947500
2.000000 0.083333 10.937349
2.000000 0.166667 10.907119
2.000000 0.250000 10.857454
2.000000 0.333333 10.789342
2.000000 0.416667 10.704010
2.000000 0.500000 10.602820
2.000000 0.583333 10.487172
2.000000 0.666667 10.358431
2.000000 0.750000 10.217889
2.000000 0.833333 10.066733
2.000000 0.916667 9.906056
2.000000 1.000000 9.736862
2.000000 1.083333 9.560096
2.000000 1.166667 9.376678
2.000000 1.250000 9.187532
2.000000 1.333333 8.993620
2.000000 1.416667 8.795961
2.000000 1.500000 8.595638
2.000000 1.583333 8.393787
2.000000 1.666667 8.191568
2.000000 1.750000 7.990129
2.000000 1.833333 7.790561
2.000000 1.916667 7.593864
2.000000 2.000000 7.400914
2.000000 2.083333 7.212459
2.000000 2.166667 7.029104
2.000000 2.250000 6.851327
2.000000 2.333333 6.679482
2.000000 2.416667 6.513819
2.000000 2.500000 6.354500
2.000000 2.583333 6.201610
2.000000 2.666667 6.055172
2.000000 2.750000 5.915164
2.000000 2.833333 5.781524
2.000000 2.916667 5.654159
2.000000 3.000000 5.532957
2.000000 3.083333 5.417787
2.000000 3.166667 5.308511
2.000000 3.250000 5.204979
2.000000 3.333333 5.107039
2.000000 3.416667 5.014538
2.000000 3.500000 4.927319
2.000000 3.583333 4.845231
2.000000 3.666667 4.768121
2.000000 3.750000 4.695841
2.000000 3.833333 4.628243
2.000000 3.916667 4.565183
2.000000 4.000000 4.506520
2.000000 4.083333 4.452111
2.000000 4.166667 4.401817
2.000000 4.250000 4.355497
2.000000 4.333333 4.313012
2.000000 4.416667 4.274224
2.000000 4.500000 4.238992
2.000000 4.583333 4.207182
2.000000 4.666667 4.178660
2.000000 4.750000 4.153297
2.000000 4.833333 4.130969
2.000000 4.916667 4.111563
2.000000 5.000000 4.094972
2.000000 5.083333 4.081103
2.000000 5.166667 4.069871
2.000000 5.250000 4.061209
2.000000 5.333333 4.055061
2.000000 5.416667 4.051389
2.000000 5.500000 4.050167

2.083333 0.000000 11.337713
2.083333 0.083333 11.326481
2.083333 0.166667 11.293090
2.083333 0.250000 11.238409
2.083333 0.333333 11.163744
2.083333 0.416667 11.070680
2.083333 0.500000 10.960917
2.083333 0.583333 10.836146
2.083333 0.666667 10.697952
2.083333 0.750000 10.547769
2.083333 0.833333 10.386859
2.083333 0.916667 10.216328
2.083333 1.000000 10.037151
2.083333 1.083333 9.850215
2.083333 1.166667 9.656372
2.083333 1.250000 9.456491
2.083333 1.333333 9.251507
2.083333 1.416667 9.042455
2.083333 1.500000 8.830484
2.083333 1.583333 8.616846
2.083333 1.666667 8.402852
2.083333 1.750000 8.189812
2.083333 1.833333 7.978973
2.083333 1.916667 7.771464
2.083333 2.000000 7.568258
2.083333 2.083333 7.370158
2.083333 2.166667 7.177800
2.083333 2.250000 6.991659
2.083333 2.333333 6.812071
2.083333 2.416667 6.639254
2.083333 2.500000 6.473330
2.083333 2.583333 6.314342
2.083333 2.666667 6.162270
2.083333 2.750000 6.017049
2.083333 2.833333 5.878578
2.083333 2.916667 5.746728
2.083333 3.000000 5.621354
2.083333 3.083333 5.502297
2.083333 3.166667 5.389389
2.083333 3.250000 5.282460
2.083333 3.333333 5.181335
2.083333 3.416667 5.085841
2.083333 3.500000 4.995807
2.083333 3.583333 4.911064
2.083333 3.666667 4.831446
2.083333 3.750000 4.756793
2.083333 3.833333 4.686946
2.083333 3.916667 4.621750
2.083333 4.000000 4.561056
2.083333 4.083333 4.504713
2.083333 4.166667 4.452578
2.083333 4.250000 4.404505
2.083333 4.333333 4.360353
2.083333 4.416667 4.319983
2.083333 4.500000 4.283258
2.083333 4.583333 4.250045
2.083333 4.666667 4.220214
2.083333 4.750000 4.193642
2.083333 4.833333 4.170212
2.083333 4.916667 4.149815
2.083333 5.000000 4.132352
2.083333 5.083333 4.117732
2.083333 5.166667 4.105880
2.083333 5.250000 4.096730
2.083333 5.333333 4.090232
2.083333 5.416667 4.086347
2.083333 5.500000 4.085055

2.166667 0.000000 11.750390
2.166667 0.083333 11.737772
2.166667 0.166667 11.700352
2.166667 0.250000 11.639348
2.166667 0.333333 11.556546
2.166667 0.416667 11.454047
2.166667 0.500000 11.334023
2.166667 0.583333 11.198543
2.166667 0.666667 11.049463
2.166667 0.750000 10.888375
2.166667 0.833333 10.716607
2.166667 0.916667 10.535247
2.166667 1.000000 10.345198
2.166667 1.083333 10.147239
2.166667 1.166667 9.942103
2.166667 1.250000 9.730554
2.166667 1.333333 9.513463
2.166667 1.416667 9.291866
2.166667 1.500000 9.066997
2.166667 1.583333 8.840261
2.166667 1.666667 8.613181
2.166667 1.750000 8.387294
2.166667 1.833333 8.164056
2.166667 1.916667 7.944761
2.166667 2.000000 7.730494
2.166667 2.083333 7.522117
2.166667 2.166667 7.320279
2.166667 2.250000 7.125437
2.166667 2.333333 6.937888
2.166667 2.416667 6.757797
2.166667 2.500000 6.585226
2.166667 2.583333 6.420158
2.166667 2.666667 6.262517
2.166667 2.750000 6.112185
2.166667 2.833333 5.969010
2.166667 2.916667 5.832822
2.166667 3.000000 5.703435
2.166667 3.083333 5.580657
2.166667 3.166667 5.464290
2.166667 3.250000 5.354136
2.166667 3.333333 5.249998
2.166667 3.416667 5.151684
2.166667 3.500000 5.059003
2.166667 3.583333 4.971771
2.166667 3.666667 4.889807
2.166667 3.750000 4.812939
2.166667 3.833333 4.740997
2.166667 3.916667 4.673817
2.166667 4.000000 4.611239
2.166667 4.083333 4.553109
2.166667 4.166667 4.499276
2.166667 4.250000 4.449591
2.166667 4.333333 4.403911
2.166667 4.416667 4.362097
2.166667 4.500000 4.324012
2.166667 4.583333 4.289525
2.166667 4.666667 4.258509
2.166667 4.750000 4.230846
2.166667 4.833333 4.206422
2.166667 4.916667 4.185134
2.166667 5.000000 4.166886
2.166667 5.083333 4.151595
2.166667 5.166667 4.139186
2.166667 5.250000 4.129600
2.166667 5.333333 4.122788
2.166667 5.416667 4.118714
2.166667 5.500000 4.117359

2.250000 0.000000 12.188301
2.250000 0.083333 12.173865
2.250000 0.166667 12.131200
2.250000 0.250000 12.062084
2.250000 0.333333 11.969046
2.250000 0.416667 11.854939
2.250000 0.500000 11.722585
2.250000 0.583333 11.574541
2.250000 0.666667 11.412982
2.250000 0.750000 11.239662
2.250000 0.833333 11.055945
2.250000 0.916667 10.862855
2.250000 1.000000 10.661155
2.250000 1.083333 10.451442
2.250000 1.166667 10.234248
2.250000 1.250000 10.010159
2.250000 1.333333 9.779923
2.250000 1.416667 9.544552
2.250000 1.500000 9.305375
2.250000 1.583333 9.064021
2.250000 1.666667 8.822317
2.250000 1.750000 8.582128
2.250000 1.833333 8.345197
2.250000 1.916667 8.113030
2.250000 2.000000 7.886839
2.250000 2.083333 7.667537
2.250000 2.166667 7.455761
2.250000 2.250000 7.251923
2.250000 2.333333 7.056247
2.250000 2.416667 6.868819
2.250000 2.500000 6.689617
2.250000 2.583333 6.518546
2.250000 2.666667 6.355456
2.250000 2.750000 6.200162
2.250000 2.833333 6.052456
2.250000 2.916667 5.912114
2.250000 3.000000 5.778908
2.250000 3.083333 5.652605
2.250000 3.166667 5.532977
2.250000 3.250000 5.419795
2.250000 3.333333 5.312839
2.250000 3.416667 5.211894
2.250000 3.500000 5.116751
2.250000 3.583333 5.027208
2.250000 3.666667 4.943073
2.250000 3.750000 4.864159
2.250000 3.833333 4.790286
2.250000 3.916667 4.721281
2.250000 4.000000 4.656975
2.250000 4.083333 4.597209
2.250000 4.166667 4.541825
2.250000 4.250000 4.490672
2.250000 4.333333 4.443605
2.250000 4.416667 4.400482
2.250000 4.500000 4.361168
2.250000 4.583333 4.325533
2.250000 4.666667 4.293452
2.250000 4.750000 4.264810
2.250000 4.833333 4.239497
2.250000 4.916667 4.217412
2.250000 5.000000 4.198465
2.250000 5.083333 4.182574
2.250000 5.166667 4.169671
2.250000 5.250000 4.159696
2.250000 5.333333 4.152604
2.250000 5.416667 4.148363
2.250000 5.500000 4.146951

2.333333 0.000000 12.655087
2.333333 0.083333 12.638186
2.333333 0.166667 12.588498
2.333333 0.250000 12.508741
2.333333 0.333333 12.402614
2.333333 0.416667 12.274077
2.333333 0.500000 12.126836
2.333333 0.583333 11.964055
2.333333 0.666667 11.788259
2.333333 0.750000 11.601347
2.333333 0.833333 11.404657
2.333333 0.916667 11.199073
2.333333 1.000000 10.985125
2.333333 1.083333 10.763124
2.333333 1.166667 10.533289
2.333333 1.250000 10.295911
2.333333 1.333333 10.051517
2.333333 1.416667 9.801042
2.333333 1.500000 9.545930
2.333333 1.583333 9.288132
2.333333 1.666667 9.029938
2.333333 1.750000 8.773703
2.333333 1.833333 8.521573
2.333333 1.916667 8.275323
2.333333 2.000000 8.036297
2.333333 2.083333 7.805429
2.333333 2.166667 7.583307
2.333333 2.250000 7.370246
2.333333 2.333333 7.166360
2.333333 2.416667 6.971615
2.333333 2.500000 6.785879
2.333333 2.583333 6.608954
2.333333 2.666667 6.440600
2.333333 2.750000 6.280553
2.333333 2.833333 6.128536
2.333333 2.916667 5.984270
2.333333 3.000000 5.847476
2.333333 3.083333 5.717880
2.333333 3.166667 5.595217
2.333333 3.250000 5.479229
2.333333 3.333333 5.369670
2.333333 3.416667 5.266302
2.333333 3.500000 5.168897
2.333333 3.583333 5.077239
2.333333 3.666667 4.991119
2.333333 3.750000 4.910339
2.333333 3.833333 4.834708
2.333333 3.916667 4.764044
2.333333 4.000000 4.698172
2.333333 4.083333 4.636926
2.333333 4.166667 4.580142
2.333333 4.250000 4.527668
2.333333 4.333333 4.479354
2.333333 4.416667 4.435059
2.333333 4.500000 4.394646
2.333333 4.583333 4.357986
2.333333 4.666667 4.324957
2.333333 4.750000 4.295445
2.333333 4.833333 4.269343
2.333333 4.916667 4.246553
2.333333 5.000000 4.226987
2.333333 5.083333 4.210567
2.333333 5.166667 4.197226
2.333333 5.250000 4.186909
2.333333 5.333333 4.179571
2.333333 5.416667 4.175181
2.333333 5.500000 4.173720

2.416667 0.000000 13.155673
2.416667 0.083333 13.135293
2.416667 0.166667 13.075867
2.416667 0.250000 12.981769
2.416667 0.333333 12.858591
2.416667 0.416667 12.711921
2.416667 0.500000 12.546627
2.416667 0.583333 12.366583
2.416667 0.666667 12.174655
2.416667 0.750000 11.972808
2.416667 0.833333 11.762265
2.416667 0.916667 11.543652
2.416667 1.000000 11.317150
2.416667 1.083333 11.082640
2.416667 1.166667 10.839874
2.416667 1.250000 10.588677
2.416667 1.333333 10.329194
2.416667 1.416667 10.062170
2.416667 1.500000 9.789173
2.416667 1.583333 9.512638
2.416667 1.666667 9.235601
2.416667 1.750000 8.961172
2.416667 1.833333 8.692069
2.416667 1.916667 8.430393
2.416667 2.000000 8.177597
2.416667 2.083333 7.934575
2.416667 2.166667 7.701791
2.416667 2.250000 7.479395
2.416667 2.333333 7.267330
2.416667 2.416667 7.065401
2.416667 2.500000 6.873329
2.416667 2.583333 6.690790
2.416667 2.666667 6.517436
2.416667 2.750000 6.352912
2.416667 2.833333 6.196866
2.416667 2.916667 6.048955
2.416667 3.000000 5.908846
2.416667 3.083333 5.776223
2.416667 3.166667 5.650782
2.416667 3.250000 5.532235
2.416667 3.333333 5.420310
2.416667 3.416667 5.314746
2.416667 3.500000 5.215297
2.416667 3.583333 5.121731
2.416667 3.666667 5.033825
2.416667 3.750000 4.951369
2.416667 3.833333 4.874162
2.416667 3.916667 4.802015
2.416667 4.000000 4.734745
2.416667 4.083333 4.672179
2.416667 4.166667 4.614151
2.416667 4.250000 4.560503
2.416667 4.333333 4.511085
2.416667 4.416667 4.465753
2.416667 4.500000 4.424370
2.416667 4.583333 4.386808
2.416667 4.666667 4.352946
2.416667 4.750000 4.322670
2.416667 4.833333 4.295876
2.416667 4.916667 4.272469
2.416667 5.000000 4.252362
2.416667 5.083333 4.235480
2.416667 5.166667 4.221759
2.416667 5.250000 4.211143
2.416667 5.333333 4.203590
2.416667 5.416667 4.199071
2.416667 5.500000 4.197567

2.500000 0.000000 13.697021
2.500000 0.083333 13.671446
2.500000 0.166667 13.597908
2.500000 0.250000 13.483876
2.500000 0.333333 13.338061
2.500000 0.416667 13.168388
2.500000 0.500000 12.981169
2.500000 0.583333 12.780997
2.500000 0.666667 12.570967
2.500000 0.750000 12.352966
2.500000 0.833333 12.127942
2.500000 0.916667 11.896122
2.500000 1.000000 11.657182
2.500000 1.083333 11.410412
2.500000 1.166667 11.154891
2.500000 1.250000 10.889728
2.500000 1.333333 10.614412
2.500000 1.416667 10.329271
2.500000 1.500000 10.035952
2.500000 1.583333 9.737645
2.500000 1.666667 9.438657
2.500000 1.750000 9.143314
2.500000 1.833333 8.855138
2.500000 1.916667 8.576583
2.500000 2.000000 8.309122
2.500000 2.083333 8.053484
2.500000 2.166667 7.809886
2.500000 2.250000 7.578214
2.500000 2.333333 7.358166
2.500000 2.416667 7.149330
2.500000 2.500000 6.951247
2.500000 2.583333 6.763441
2.500000 2.666667 6.585442
2.500000 2.750000 6.416794
2.500000 2.833333 6.257062
2.500000 2.916667 6.105837
2.500000 3.000000 5.962731
2.500000 3.083333 5.827383
2.500000 3.166667 5.699452
2.500000 3.250000 5.578620
2.500000 3.333333 5.464588
2.500000 3.416667 5.357074
2.500000 3.500000 5.255815
2.500000 3.583333 5.160562
2.500000 3.666667 5.071080
2.500000 3.750000 4.987149
2.500000 3.833333 4.908558
2.500000 3.916667 4.835109
2.500000 4.000000 4.766614
2.500000 4.083333 4.702894
2.500000 4.166667 4.643779
2.500000 4.250000 4.589109
2.500000 4.333333 4.538730
2.500000 4.416667 4.492497
2.500000 4.500000 4.450273
2.500000 4.583333 4.411931
2.500000 4.666667 4.377348
2.500000 4.750000 4.346413
2.500000 4.833333 4.319023
2.500000 4.916667 4.295085
2.500000 5.000000 4.274513
2.500000 5.083333 4.257234
2.500000 5.166667 4.243185
2.500000 5.250000 4.232313
2.500000 5.333333 4.224576
2.500000 5.416667 4.219947
2.500000 5.500000 4.218405

2.583333 0.000000 14.289518
2.583333 0.083333 14.255563
2.583333 0.166667 14.160441
2.583333 0.250000 14.017767
2.583333 0.333333 13.841388
2.583333 0.416667 13.642402
2.583333 0.500000 13.428663
2.583333 0.583333 13.205269
2.583333 0.666667 12.975250
2.583333 0.750000 12.740147
2.583333 0.833333 12.500417
2.583333 0.916667 12.255710
2.583333 1.000000 12.005044
2.583333 1.083333 11.746936
2.583333 1.166667 11.479549
2.583333 1.250000 11.200932
2.583333 1.333333 10.909454
2.583333 1.416667 10.604550
2.583333 1.500000 10.287721
2.583333 1.583333 9.963332
2.583333 1.666667 9.638068
2.583333 1.750000 9.318289
2.583333 1.833333 9.008588
2.583333 1.916667 8.711678
2.583333 2.000000 8.428824
2.583333 2.083333 8.160355
2.583333 2.166667 7.906053
2.583333 2.250000 7.665410
2.583333 2.333333 7.437788
2.583333 2.416667 7.222506
2.583333 2.500000 7.018887
2.583333 2.583333 6.826286
2.583333 2.666667 6.644097
2.583333 2.750000 6.471759
2.583333 2.833333 6.308752
2.583333 2.916667 6.154599
2.583333 3.000000 6.008859
2.583333 3.083333 5.871126
2.583333 3.166667 5.741024
2.583333 3.250000 5.618205
2.583333 3.333333 5.502347
2.583333 3.416667 5.393148
2.583333 3.500000 5.290327
2.583333 3.583333 5.193622
2.583333 3.666667 5.102786
2.583333 3.750000 5.017589
2.583333 3.833333 4.937812
2.583333 3.916667 4.863249
2.583333 4.000000 4.793708
2.583333 4.083333 4.729003
2.583333 4.166667 4.668963
2.583333 4.250000 4.613423
2.583333 4.333333 4.562228
2.583333 4.416667 4.515232
2.583333 4.500000 4.472296
2.583333 4.583333 4.433293
2.583333 4.666667 4.398102
2.583333 4.750000 4.366611
2.583333 4.833333 4.338720
2.583333 4.916667 4.314333
2.583333 5.000000 4.293370
2.583333 5.083333 4.275758
2.583333 5.166667 4.261434
2.583333 5.250000 4.250346
2.583333 5.333333 4.242456
2.583333 5.416667 4.237733
2.583333 5.500000 4.236161

2.666667 0.000000 14.949926
2.666667 0.083333 14.900847
2.666667 0.166667 14.770527
2.666667 0.250000 14.585362
2.666667 0.333333 14.367321
2.666667 0.416667 14.131170
2.666667 0.500000 13.885811
2.666667 0.583333 13.636164
2.666667 0.666667 13.384619
2.666667 0.750000 13.131955
2.666667 0.833333 12.877868
2.666667 0.916667 12.621257
2.666667 1.000000 12.360347
2.666667 1.083333 12.092738
2.666667 1.166667 11.815439
2.666667 1.250000 11.524995
2.666667 1.333333 11.217923
2.666667 1.416667 10.891756
2.666667 1.500000 10.547048
2.666667 1.583333 10.189895
2.666667 1.666667 9.831995
2.666667 1.750000 9.483184
2.666667 1.833333 9.149248
2.666667 1.916667 8.832716
2.666667 2.000000 8.534140
2.666667 2.083333 8.253059
2.666667 2.166667 7.988561
2.666667 2.250000 7.739586
2.666667 2.333333 7.505071
2.666667 2.416667 7.284018
2.666667 2.500000 7.075509
2.666667 2.583333 6.878718
2.666667 2.666667 6.692902
2.666667 2.750000 6.517392
2.666667 2.833333 6.351588
2.666667 2.916667 6.194947
2.666667 3.000000 6.046979
2.666667 3.083333 5.907237
2.666667 3.166667 5.775312
2.666667 3.250000 5.650830
2.666667 3.333333 5.533447
2.666667 3.416667 5.422843
2.666667 3.500000 5.318723
2.666667 3.583333 5.220812
2.666667 3.666667 5.128854
2.666667 3.750000 5.042608
2.666667 3.833333 4.961850
2.666667 3.916667 4.886368
2.666667 4.000000 4.815964
2.666667 4.083333 4.750449
2.666667 4.166667 4.689648
2.666667 4.250000 4.633393
2.666667 4.333333 4.581528
2.666667 4.416667 4.533905
2.666667 4.500000 4.490387
2.666667 4.583333 4.450844
2.666667 4.666667 4.415155
2.666667 4.750000 4.383211
2.666667 4.833333 4.354910
2.666667 4.916667 4.330159
2.666667 5.000000 4.308878
2.666667 5.083333 4.290994
2.666667 5.166667 4.276446
2.666667 5.250000 4.265184
2.666667 5.333333 4.257168
2.666667 5.416667 4.252369
2.666667 5.500000 4.250772

2.750000 0.000000 15.708493
2.750000 0.083333 15.627372
2.750000 0.166667 15.435456
2.750000 0.250000 15.185836
2.750000 0.333333 14.911362
2.750000 0.416667 14.629148
2.750000 0.500000 14.347247
2.750000 0.583333 14.068957
2.750000 0.666667 13.795108
2.750000 0.750000 13.525185
2.750000 0.833333 13.257844
2.750000 0.916667 12.991103
2.750000 1.000000 12.722349
2.750000 1.083333 12.448232
2.750000 1.166667 12.164472
2.750000 1.250000 11.865689
2.750000 1.333333 11.545486
2.750000 1.416667 11.197501
2.750000 1.500000 10.818821
2.750000 1.583333 10.417206
2.750000 1.666667 10.016834
2.750000 1.750000 9.633204
2.750000 1.833333 9.272504
2.750000 1.916667 8.935797
2.750000 2.000000 8.621963
2.750000 2.083333 8.329181
2.750000 2.166667 8.055545
2.750000 2.250000 7.799300
2.750000 2.333333 7.558894
2.750000 2.416667 7.332985
2.750000 2.500000 7.120414
2.750000 2.583333 6.920177
2.750000 2.666667 6.731400
2.750000 2.750000 6.553319
2.750000 2.833333 6.385260
2.750000 2.916667 6.226623
2.750000 3.000000 6.076874
2.750000 3.083333 5.935531
2.750000 3.166667 5.802158
2.750000 3.250000 5.676357
2.750000 3.333333 5.557767
2.750000 3.416667 5.446054
2.750000 3.500000 5.340910
2.750000 3.583333 5.242050
2.750000 3.666667 5.149209
2.750000 3.750000 5.062140
2.750000 3.833333 4.980613
2.750000 3.916667 4.904411
2.750000 4.000000 4.833330
2.750000 4.083333 4.767181
2.750000 4.166667 4.705785
2.750000 4.250000 4.648972
2.750000 4.333333 4.596585
2.750000 4.416667 4.548475
2.750000 4.500000 4.504503
2.750000 4.583333 4.464539
2.750000 4.666667 4.428465
2.750000 4.750000 4.396168
2.750000 4.833333 4.367549
2.750000 4.916667 4.342516
2.750000 5.000000 4.320988
2.750000 5.083333 4.302893
2.750000 5.166667 4.288172
2.750000 5.250000 4.276775
2.750000 5.333333 4.268661
2.750000 5.416667 4.263805
2.750000 5.500000 4.262188

2.833333 0.000000 16.629302
2.833333 0.083333 16.464692
2.833333 0.166667 16.158090
2.833333 0.250000 15.811162
2.833333 0.333333 15.463144
2.833333 0.416667 15.126812
2.833333 0.500000 14.805073
2.833333 0.583333 14.497310
2.833333 0.666667 14.201670
2.833333 0.750000 13.915833
2.833333 0.833333 13.637220
2.833333 0.916667 13.362961
2.833333 1.000000 13.089715
2.833333 1.083333 12.813368
2.833333 1.166667 12.528530
2.833333 1.250000 12.227800
2.833333 1.333333 11.900833
2.833333 1.416667 11.533941
2.833333 1.500000 11.113529
2.833333 1.583333 10.643272
2.833333 1.666667 10.184932
2.833333 1.750000 9.760292
2.833333 1.833333 9.371769
2.833333 1.916667 9.016003
2.833333 2.000000 8.688734
2.833333 2.083333 8.386155
2.833333 2.166667 8.105141
2.833333 2.250000 7.843174
2.833333 2.333333 7.598220
2.833333 2.416667 7.368615
2.833333 2.500000 7.152985
2.833333 2.583333 6.950174
2.833333 2.666667 6.759202
2.833333 2.750000 6.579225
2.833333 2.833333 6.409509
2.833333 2.916667 6.249412
2.833333 3.000000 6.098363
2.833333 3.083333 5.955855
2.833333 3.166667 5.821430
2.833333 3.250000 5.694674
2.833333 3.333333 5.575211
2.833333 3.416667 5.462696
2.833333 3.500000 5.356813
2.833333 3.583333 5.257269
2.833333 3.666667 5.163792
2.833333 3.750000 5.076131
2.833333 3.833333 4.994050
2.833333 3.916667 4.917330
2.833333 4.000000 4.845765
2.833333 4.083333 4.779162
2.833333 4.166667 4.717339
2.833333 4.250000 4.660126
2.833333 4.333333 4.607365
2.833333 4.416667 4.558906
2.833333 4.500000 4.514610
2.833333 4.583333 4.474346
2.833333 4.666667 4.437996
2.833333 4.750000 4.405448
2.833333 4.833333 4.376602
2.833333 4.916667 4.351368
2.833333 5.000000 4.329663
2.833333 5.083333 4.311419
2.833333 5.166667 4.296575
2.833333 5.250000 4.285081
2.833333 5.333333 4.276899
2.833333 5.416667 4.272001
2.833333 5.500000 4.270370

2.916667 0.000000 17.879328
2.916667 0.083333 17.444006
2.916667 0.166667 16.921049
2.916667 0.250000 16.437579
2.916667 0.333333 16.003239
2.916667 0.416667 15.609884
2.916667 0.500000 15.248921
2.916667 0.583333 14.913540
2.916667 0.666667 14.598428
2.916667 0.750000 14.299256
2.916667 0.833333 14.012243
2.916667 0.916667 13.733805
2.916667 1.000000 13.460184
2.916667 1.083333 13.186994
2.916667 1.166667 12.908478
2.916667 1.250000 12.616150
2.916667 1.333333 12.296103
2.916667 1.416667 11.923902
2.916667 1.500000 11.458081
2.916667 1.583333 10.857422
2.916667 1.666667 10.319330
2.916667 1.750000 9.851262
2.916667 1.833333 9.438278
2.916667 1.916667 9.067714
2.916667 2.000000 8.730815
2.916667 2.083333 8.421564
2.916667 2.166667 8.135689
2.916667 2.250000 7.870036
2.916667 2.333333 7.622195
2.916667 2.416667 7.390271
2.916667 2.500000 7.172737
2.916667 2.583333 6.968334
2.916667 2.666667 6.776010
2.916667 2.750000 6.594869
2.916667 2.833333 6.424140
2.916667 2.916667 6.263152
2.916667 3.000000 6.111312
2.916667 3.083333 5.968096
2.916667 3.166667 5.833033
2.916667 3.250000 5.705698
2.916667 3.333333 5.585706
2.916667 3.416667 5.472707
2.916667 3.500000 5.366377
2.916667 3.583333 5.266420
2.916667 3.666667 5.172560
2.916667 3.750000 5.084541
2.916667 3.833333 5.002127
2.916667 3.916667 4.925096
2.916667 4.000000 4.853238
2.916667 4.083333 4.786361
2.916667 4.166667 4.724282
2.916667 4.250000 4.666829
2.916667 4.333333 4.613843
2.916667 4.416667 4.565175
2.916667 4.500000 4.520684
2.916667 4.583333 4.480240
2.916667 4.666667 4.443724
2.916667 4.750000 4.411026
2.916667 4.833333 4.382044
2.916667 4.916667 4.356689
2.916667 5.000000 4.334879
2.916667 5.083333 4.316546
2.916667 5.166667 4.301628
2.916667 5.250000 4.290076
2.916667 5.333333 4.281852
2.916667 5.416667 4.276929
2.916667 5.500000 4.275290

3.000000 0.000000 20.000000
3.000000 0.083333 18.510955
3.000000 0.166667 17.644520
3.000000 0.250000 17.014866
3.000000 0.333333 16.502350
3.000000 0.416667 16.060562
3.000000 0.500000 15.667189
3.000000 0.583333 15.309502
3.000000 0.666667 14.979248
3.000000 0.750000 14.670518
3.000000 0.833333 14.378693
3.000000 0.916667 14.099831
3.000000 1.000000 13.830222
3.000000 1.083333 13.565946
3.000000 1.166667 13.302240
3.000000 1.250000 13.032218
3.000000 1.333333 12.743526
3.000000 1.416667 12.407485
3.000000 1.500000 11.937472
3.000000 1.583333 11.009005
3.000000 1.666667 10.383703
3.000000 1.750000 9.887148
3.000000 1.833333 9.462366
3.000000 1.916667 9.085760
3.000000 2.000000 8.745247
3.000000 2.083333 8.433597
3.000000 2.166667 8.146015
3.000000 2.250000 7.879085
3.000000 2.333333 7.630253
3.000000 2.416667 7.397538
3.000000 2.500000 7.179356
3.000000 2.583333 6.974414
3.000000 2.666667 6.781634
3.000000 2.750000 6.600101
3.000000 2.833333 6.429031
3.000000 2.916667 6.267743
3.000000 3.000000 6.115638
3.000000 3.083333 5.972184
3.000000 3.166667 5.836907
3.000000 3.250000 5.709378
3.000000 3.333333 5.589210
3.000000 3.416667 5.476048
3.000000 3.500000 5.369569
3.000000 3.583333 5.269473
3.000000 3.666667 5.175485
3.000000 3.750000 5.087347
3.000000 3.833333 5.004822
3.000000 3.916667 4.927686
3.000000 4.000000 4.855731
3.000000 4.083333 4.788763
3.000000 4.166667 4.726598
3.000000 4.250000 4.669065
3.000000 4.333333 4.616004
3.000000 4.416667 4.567266
3.000000 4.500000 4.522710
3.000000 4.583333 4.482206
3.000000 4.666667 4.445635
3.000000 4.750000 4.412887
3.000000 4.833333 4.383860
3.000000 4.916667 4.358464
3.000000 5.000000 4.336620
3.000000 5.083333 4.318256
3.000000 5.166667 4.303313
3.000000 5.250000 4.291743
3.000000 5.333333 4.283505
3.000000 5.416667 4.278574
3.000000 5.500000 4.276932

3.083333 0.000000 20.000000
3.083333 0.083333 18.955293
3.083333 0.166667 18.131210
3.083333 0.250000 17.475016
3.083333 0.333333 16.930733
3.083333 0.416667 16.462824
3.083333 0.500000 16.049772
3.083333 0.583333 15.678030
3.083333 0.666667 15.338543
3.083333 0.750000 15.024875
3.083333 0.833333 14.732180
3.083333 0.916667 14.456605
3.083333 1.000000 14.194926
3.083333 1.083333 13.944327
3.083333 1.166667 13.702317
3.083333 1.250000 13.466956
3.083333 1.333333 13.238300
3.083333 1.416667 13.025037
3.083333 1.500000 12.875317

3.166667 0.000000 20.000000
3.166667 0.083333 19.179005
3.166667 0.166667 18.450013
3.166667 0.250000 17.823254
3.166667 0.333333 17.282741
3.166667 0.416667 16.810230
3.166667 0.500000 16.391045
3.166667 0.583333 16.014303
3.166667 0.666667 15.672018
3.166667 0.750000 15.358260
3.166667 0.833333 15.068548
3.166667 0.916667 14.799482
3.166667 1.000000 14.548549
3.166667 1.083333 14.314122
3.166667 1.166667 14.095743
3.166667 1.250000 13.894990
3.166667 1.333333 13.717682
3.166667 1.416667 13.579046
3.166667 1.500000 13.513724

3.250000 0.000000 20.000000
3.250000 0.083333 19.310716
3.250000 0.166667 18.666580
3.250000 0.250000 18.085248
3.250000 0.333333 17.566746
3.250000 0.416667 17.104310
3.250000 0.500000 16.689876
3.250000 0.583333 16.316118
3.250000 0.666667 15.976969
3.250000 0.750000 15.667597
3.250000 0.833333 15.384269
3.250000 0.916667 15.124226
3.250000 1.000000 14.885668
3.250000 1.083333 14.667869
3.250000 1.166667 14.471542
3.250000 1.250000 14.299581
3.250000 1.333333 14.158390
3.250000 1.416667 14.059742
3.250000 1.500000 14.021485

3.333333 0.000000 20.000000
3.333333 0.083333 19.397280
3.333333 0.166667 18.820345
3.333333 0.250000 18.284409
3.333333 0.333333 17.794686
3.333333 0.416667 17.350390
3.333333 0.500000 16.948030
3.333333 0.583333 16.583325
3.333333 0.666667 16.252140
3.333333 0.750000 15.950892
3.333333 0.833333 15.676704
3.333333 0.916667 15.427487
3.333333 1.000000 15.202026
3.333333 1.083333 15.000143
3.333333 1.166667 14.822975
3.333333 1.250000 14.673400
3.333333 1.333333 14.556556
3.333333 1.416667 14.480047
3.333333 1.500000 14.452731

3.416667 0.000000 20.000000
3.416667 0.083333 19.458057
3.416667 0.166667 18.933112
3.416667 0.250000 18.437359
3.416667 0.333333 17.977198
3.416667 0.416667 17.554533
3.416667 0.500000 17.168528
3.416667 0.583333 16.817010
3.416667 0.666667 16.497376
3.416667 0.750000 16.207127
3.416667 0.833333 15.944169
3.416667 0.916667 15.706990
3.416667 1.000000 15.494806
3.416667 1.083333 15.307704
3.416667 1.166667 15.146814
3.416667 1.250000 15.014490
3.416667 1.333333 14.914386
3.416667 1.416667 14.851158
3.416667 1.500000 14.829347

3.500000 0.000000 20.000000
3.500000 0.083333 19.501837
3.500000 0.166667 19.016685
3.500000 0.250000 18.554717
3.500000 0.333333 18.122215
3.500000 0.416667 17.722016
3.500000 0.500000 17.354541
3.500000 0.583333 17.018812
3.500000 0.666667 16.713227
3.500000 0.750000 16.436072
3.500000 0.833333 16.185853
3.500000 0.916667 15.961498
3.500000 1.000000 15.762505
3.500000 1.083333 15.589052
3.500000 1.166667 15.442087
3.500000 1.250000 15.323361
3.500000 1.333333 15.235341
3.500000 1.416667 15.180851
3.500000 1.500000 15.162341

3.583333 0.000000 20.000000
3.583333 0.083333 19.532607
3.583333 0.166667 19.077076
3.583333 0.250000 18.642607
3.583333 0.333333 18.234928
3.583333 0.416667 17.856774
3.583333 0.500000 17.508806
3.583333 0.583333 17.190471
3.583333 0.666667 16.900647
3.583333 0.750000 16.638082
3.583333 0.833333 16.401673
3.583333 0.916667 16.190645
3.583333 1.000000 16.004665
3.583333 1.083333 15.843913
3.583333 1.166667 15.709119
3.583333 1.250000 15.601527
3.583333 1.333333 15.522765
3.583333 1.416667 15.474565
3.583333 1.500000 15.458316

3.666667 0.000000 20.000000
3.666667 0.083333 19.551516
3.666667 0.166667 19.116402
3.666667 0.250000 18.703709
3.666667 0.333333 18.318117
3.666667 0.416667 17.961346
3.666667 0.500000 17.633439
3.666667 0.583333 17.333618
3.666667 0.666667 17.060808
3.666667 0.750000 16.813935
3.666667 0.833333 16.592112
3.666667 0.916667 16.394744
3.666667 1.000000 16.221595
3.666667 1.083333 16.072817
3.666667 1.166667 15.948950
3.666667 1.250000 15.850861
3.666667 1.333333 15.779626
3.666667 1.416667 15.736329
3.666667 1.500000 15.721792

3.750000 0.000000 20.000000
3.750000 0.083333 19.557054
3.750000 0.166667 19.133310
3.750000 0.250000 18.737708
3.750000 0.333333 18.372485
3.750000 0.416667 18.037056
3.750000 0.500000 17.729985
3.750000 0.583333 17.449755
3.750000 0.666667 17.195031
3.750000 0.750000 16.964739
3.750000 0.833333 16.758096
3.750000 0.916667 16.574624
3.750000 1.000000 16.414152
3.750000 1.083333 16.276812
3.750000 1.166667 16.163003
3.750000 1.250000 16.073341
3.750000 1.333333 16.008551
3.750000 1.416667 15.969331
3.750000 1.500000 15.956195

3.833333 0.000000 20.000000
3.833333 0.083333 19.543389
3.833333 0.166667 19.122074
3.833333 0.250000 18.741329
3.833333 0.333333 18.397059
3.833333 0.416667 18.084407
3.833333 0.500000 17.799689
3.833333 0.583333 17.540387
3.833333 0.666667 17.304823
3.833333 0.750000 17.091894
3.833333 0.833333 16.900909
3.833333 0.916667 16.731503
3.833333 1.000000 16.583579
3.833333 1.083333 16.457273
3.833333 1.166667 16.352911
3.833333 1.250000 16.270950
3.833333 1.333333 16.211904
3.833333 1.416667 16.176250
3.833333 1.500000 16.164324

3.916667 0.000000 20.000000
3.916667 0.083333 19.494427
3.916667 0.166667 19.070270
3.916667 0.250000 18.708475
3.916667 0.333333 18.390014
3.916667 0.416667 18.103825
3.916667 0.500000 17.843977
3.916667 0.583333 17.607280
3.916667 0.666667 17.391980
3.916667 0.750000 17.197103
3.916667 0.833333 17.022145
3.916667 0.916667 16.866901
3.916667 1.000000 16.731388
3.916667 1.083333 16.615791
3.916667 1.166667 16.520416
3.916667 1.250000 16.445642
3.916667 1.333333 16.391867
3.916667 1.416667 16.359440
3.916667 1.500000 16.348603

4.000000 0.000000 20.000000
4.000000 0.083333 19.364049
4.000000 0.166667 18.956105
4.000000 0.250000 18.632286
4.000000 0.333333 18.350698
4.000000 0.416667 18.096901
4.000000 0.500000 17.865114
4.000000 0.583333 17.652778
4.000000 0.666667 17.458712
4.000000 0.750000 17.282395
4.000000 0.833333 17.123665
4.000000 0.916667 16.982566
4.000000 1.000000 16.859282
4.000000 1.083333 16.754088
4.000000 1.166667 16.667320
4.000000 1.250000 16.599337
4.000000 1.333333 16.550482
4.000000 1.416667 16.521042
4.000000 1.500000 16.511206

4.083333 0.000000 19.197544
4.083333 0.083333 19.005665
4.083333 0.166667 18.757814
4.083333 0.250000 18.513866
4.083333 0.333333 18.283593
4.083333 0.416667 18.067966
4.083333 0.500000 17.866800
4.083333 0.583333 17.680007
4.083333 0.666667 17.507693
4.083333 0.750000 17.350102
4.083333 0.833333 17.207554
4.083333 0.916667 17.080418
4.083333 1.000000 16.969084
4.083333 1.083333 16.873958
4.083333 1.166667 16.795439
4.083333 1.250000 16.733903
4.083333 1.333333 16.689682
4.083333 1.416667 16.663038
4.083333 1.500000 16.654137

4.166667 0.000000 18.778846
4.166667 0.083333 18.703252
4.166667 0.166667 18.555621
4.166667 0.250000 18.381771
4.166667 0.333333 18.201840
4.166667 0.416667 18.024570
4.166667 0.500000 17.854114
4.166667 0.583333 17.692755
4.166667 0.666667 17.541952
4.166667 0.750000 17.402764
4.166667 0.833333 17.276033
4.166667 0.916667 17.162466
4.166667 1.000000 17.062680
4.166667 1.083333 16.977222
4.166667 1.166667 16.906574
4.166667 1.250000 16.851154
4.166667 1.333333 16.811307
4.166667 1.416667 16.787291
4.166667 1.500000 16.779267

4.250000 0.000000 18.511337
4.250000 0.083333 18.472876
4.250000 0.166667 18.379646
4.250000 0.250000 18.255759
4.250000 0.333333 18.117427
4.250000 0.416667 17.974358
4.250000 0.500000 17.832332
4.250000 0.583333 17.694948
4.250000 0.666667 17.564596
4.250000 0.750000 17.442970
4.250000 0.833333 17.331347
4.250000 0.916667 17.230733
4.250000 1.000000 17.141948
4.250000 1.083333 17.065675
4.250000 1.166667 17.002480
4.250000 1.250000 16.952832
4.250000 1.333333 16.917100
4.250000 1.416667 16.895551
4.250000 1.500000 16.888350

4.333333 0.000000 18.320751
4.333333 0.083333 18.297269
4.333333 0.166667 18.234328
4.333333 0.250000 18.144190
4.333333 0.333333 18.037752
4.333333 0.416667 17.923103
4.333333 0.500000 17.805908
4.333333 0.583333 17.690110
4.333333 0.666667 17.578513
4.333333 0.750000 17.473173
4.333333 0.833333 17.375652
4.333333 0.916667 17.287171
4.333333 1.000000 17.208706
4.333333 1.083333 17.141048
4.333333 1.166667 17.084840
4.333333 1.250000 17.040595
4.333333 1.333333 17.008709
4.333333 1.416667 16.989465
4.333333 1.500000 16.983031

4.416667 0.000000 18.177130
4.416667 0.083333 18.161120
4.416667 0.166667 18.116207
4.416667 0.250000 18.048922
4.416667 0.333333 17.966286
4.416667 0.416667 17.874395
4.416667 0.500000 17.778087
4.416667 0.583333 17.681072
4.416667 0.666667 17.586172
4.416667 0.750000 17.495557
4.416667 0.833333 17.410918
4.416667 0.916667 17.333593
4.416667 1.000000 17.264656
4.416667 1.083333 17.204972
4.416667 1.166667 17.155237
4.416667 1.250000 17.115999
4.416667 1.333333 17.087677
4.416667 1.416667 17.070567
4.416667 1.500000 17.064844

4.500000 0.000000 18.065527
4.500000 0.083333 18.053874
4.500000 0.166667 18.020458
4.500000 0.250000 17.969007
4.500000 0.333333 17.904075
4.500000 0.416667 17.830102
4.500000 0.500000 17.750974
4.500000 0.583333 17.669917
4.500000 0.666667 17.589546
4.500000 0.750000 17.511965
4.500000 0.833333 17.438868
4.500000 0.916667 17.371628
4.500000 1.000000 17.311354
4.500000 1.083333 17.258948
4.500000 1.166667 17.215135
4.500000 1.250000 17.180486
4.500000 1.333333 17.155434
4.500000 1.416667 17.140282
4.500000 1.500000 17.135212

4.583333 0.000000 17.977231
4.583333 0.083333 17.968391
4.583333 0.166667 17.942745
4.583333 0.250000 17.902571
4.583333 0.333333 17.850905
4.583333 0.416667 17.790965
4.583333 0.500000 17.725791
4.583333 0.583333 17.658077
4.583333 0.666667 17.590130
4.583333 0.750000 17.523888
4.583333 0.833333 17.460964
4.583333 0.916667 17.402695
4.583333 1.000000 17.350183
4.583333 1.083333 17.304331
4.583333 1.166667 17.265870
4.583333 1.250000 17.235377
4.583333 1.333333 17.213290
4.583333 1.416667 17.199916
4.583333 1.500000 17.195438

4.666667 0.000000 17.906616
4.666667 0.083333 17.899715
4.666667 0.166667 17.879558
4.666667 0.250000 17.847626
4.666667 0.333333 17.806009
4.666667 0.416667 17.757063
4.666667 0.500000 17.703147
4.666667 0.583333 17.646470
4.666667 0.666667 17.589009
4.666667 0.750000 17.532492
4.666667 0.833333 17.478405
4.666667 0.916667 17.428005
4.666667 1.000000 17.382352
4.666667 1.083333 17.342323
4.666667 1.166667 17.308637
4.666667 1.250000 17.281862
4.666667 1.333333 17.262433
4.666667 1.416667 17.250654
4.666667 1.500000 17.246708

4.750000 0.000000 17.849800
4.750000 0.083333 17.844296
4.750000 0.166667 17.828147
4.750000 0.250000 17.802367
4.750000 0.333333 17.768443
4.750000 0.416667 17.728130
4.750000 0.500000 17.683266
4.750000 0.583333 17.635646
4.750000 0.666667 17.586943
4.750000 0.750000 17.538668
4.750000 0.833333 17.492157
4.750000 0.916667 17.448569
4.750000 1.000000 17.408896
4.750000 1.083333 17.373974
4.750000 1.166667 17.344491
4.750000 1.250000 17.321001
4.750000 1.333333 17.303925
4.750000 1.416667 17.293560
4.750000 1.500000 17.290086

4.833333 0.000000 17.803992
4.833333 0.083333 17.799522
4.833333 0.166667 17.786366
4.833333 0.250000 17.765250
4.833333 0.333333 17.737267
4.833333 0.416667 17.703748
4.833333 0.500000 17.666140
4.833333 0.583333 17.625904
4.833333 0.666667 17.584449
4.833333 0.750000 17.543081
4.833333 0.833333 17.502987
4.833333 0.916667 17.465218
4.833333 1.000000 17.430690
4.833333 1.083333 17.400185
4.833333 1.166667 17.374354
4.833333 1.250000 17.353726
4.833333 1.333333 17.338704
4.833333 1.416667 17.329577
4.833333 1.500000 17.326515

4.916667 0.000000 17.767125
4.916667 0.083333 17.763434
4.916667 0.166667 17.752546
4.916667 0.250000 17.735002
4.916667 0.333333 17.711627
4.916667 0.416667 17.683455
4.916667 0.500000 17.651641
4.916667 0.583333 17.617383
4.916667 0.666667 17.581866
4.916667 0.750000 17.546221
4.916667 0.833333 17.511492
4.916667 0.916667 17.478626
4.916667 1.000000 17.448461
4.916667 1.083333 17.421721
4.916667 1.166667 17.399016
4.916667 1.250000 17.380843
4.916667 1.333333 17.367589
4.916667 1.416667 17.359527
4.916667 1.500000 17.356822

5.000000 0.000000 17.737641
5.000000 0.083333 17.734541
5.000000 0.166667 17.725384
5.000000 0.250000 17.710583
5.000000 0.333333 17.690783
5.000000 0.416667 17.666805
5.000000 0.500000 17.639586
5.000000 0.583333 17.610120
5.000000 0.666667 17.579413
5.000000 0.750000 17.548443
5.000000 0.833333 17.518134
5.000000 0.916667 17.489334
5.000000 1.000000 17.462807
5.000000 1.083333 17.439221
5.000000 1.166667 17.419144
5.000000 1.250000 17.403043
5.000000 1.333333 17.391282
5.000000 1.416667 17.384122
5.000000 1.500000 17.381717

5.083333 0.000000 17.714357
5.083333 0.083333 17.711706
5.083333 0.166667 17.703865
5.083333 0.250000 17.691163
5.083333 0.333333 17.674117
5.083333 0.416667 17.653397
5.083333 0.500000 17.629777
5.083333 0.583333 17.604098
5.083333 0.666667 17.577222
5.083333 0.750000 17.550005
5.083333 0.833333 17.523265
5.083333 0.916667 17.497770
5.083333 1.000000 17.474213
5.083333 1.083333 17.453212
5.083333 1.166667 17.435296
5.083333 1.250000 17.420902
5.083333 1.333333 17.410375
5.083333 1.416667 17.403960
5.083333 1.500000 17.401805

5.166667 0.000000 17.696375
5.166667 0.083333 17.694060
5.166667 0.166667 17.687207
5.166667 0.250000 17.676086
5.166667 0.333333 17.661126
5.166667 0.416667 17.642888
5.166667 0.500000 17.622029
5.166667 0.583333 17.599273
5.166667 0.666667 17.575373
5.166667 0.750000 17.551088
5.166667 0.833333 17.527154
5.166667 0.916667 17.504266
5.166667 1.000000 17.483063
5.166667 1.083333 17.464118
5.166667 1.166667 17.447925
5.166667 1.250000 17.434896
5.166667 1.333333 17.425355
5.166667 1.416667 17.419537
5.166667 1.500000 17.417582

5.250000 0.000000 17.683024
5.250000 0.083333 17.680953
5.250000 0.166667 17.674817
5.250000 0.250000 17.664848
5.250000 0.333333 17.651414
5.250000 0.416667 17.634999
5.250000 0.500000 17.616178
5.250000 0.583333 17.595590
5.250000 0.666667 17.573910
5.250000 0.750000 17.551821
5.250000 0.833333 17.529996
5.250000 0.916667 17.509076
5.250000 1.000000 17.489656
5.250000 1.083333 17.472272
5.250000 1.166667 17.457390
5.250000 1.250000 17.445401
5.250000 1.333333 17.436614
5.250000 1.416667 17.431251
5.250000 1.500000 17.429449

5.333333 0.000000 17.673815
5.333333 0.083333 17.671909
5.333333 0.166667 17.666261
5.333333 0.250000 17.657076
5.333333 0.333333 17.644683
5.333333 0.416667 17.629515
5.333333 0.500000 17.612094
5.333333 0.583333 17.593001
5.333333 0.666667 17.572855
5.333333 0.750000 17.552290
5.333333 0.833333 17.531933
5.333333 0.916667 17.512387
5.333333 1.000000 17.494214
5.333333 1.083333 17.477924
5.333333 1.166667 17.463962
5.333333 1.250000 17.452704
5.333333 1.333333 17.444447
5.333333 1.416667 17.439406
5.333333 1.500000 17.437711

5.416667 0.000000 17.668417
5.416667 0.083333 17.666607
5.416667 0.166667 17.661242
5.416667 0.250000 17.652513
5.416667 0.333333 17.640725
5.416667 0.416667 17.626285
5.416667 0.500000 17.609682
5.416667 0.583333 17.591464
5.416667 0.666667 17.572219
5.416667 0.750000 17.552550
5.416667 0.833333 17.533059
5.416667 0.916667 17.514324
5.416667 1.000000 17.496889
5.416667 1.083333 17.481247
5.416667 1.166667 17.467831
5.416667 1.250000 17.457007
5.416667 1.333333 17.449065
5.416667 1.416667 17.444214
5.416667 1.500000 17.442583

5.500000 0.000000 17.666639
5.500000 0.083333 17.664860
5.500000 0.166667 17.659588
5.500000 0.250000 17.651008
5.500000 0.333333 17.639419
5.500000 0.416667 17.625218
5.500000 0.500000 17.608884
5.500000 0.583333 17.590955
5.500000 0.666667 17.572007
5.500000 0.750000 17.552634
5.500000 0.833333 17.533428
5.500000 0.916667 17.514962
5.500000 1.000000 17.497771
5.500000 1.083333 17.482343
5.500000 1.166667 17.469108
5.500000 1.250000 17.458428
5.500000 1.333333 17.450590
5.500000 1.416667 17.445803
5.500000 1.500000 17.444193

