6.261913
6.252324
6.223476
6.175124
6.106837
6.017969
5.907608
5.774499
5.616930
5.432556
5.218126
4.969041
4.678600
4.336613
3.926584
3.419120
2.753513
1.776160
1.045268
1.592883
1.944544
2.197085
2.389725
2.541941
2.664904
2.765638
2.848840
2.917777
2.974794
3.021607
3.059487
3.089381
3.111985
3.127798
3.137157
3.140256
6.271502
6.261953
6.233229
6.185092
6.117128
6.028715
5.918982
5.786729
5.630332
5.447583
5.235453
4.989720
4.704374
4.370633
3.975303
3.498192
2.909385
2.175564
1.336040
1.003889
0.848157
0.763219
0.710781
0.675087
0.648874
0.628460
0.611829
0.597806
0.585668
0.574956
0.565366
0.556690
0.548790
0.541569
0.534966
0.528946
0.523503
0.518655
0.514457
0.511016
0.508518
0.507287
0.507891
0.511367
0.519697
0.536926
0.572041
0.647159
0.823635
1.294095
1.690861
1.994103
2.227035
2.409937
2.556568
2.676017
2.774405
2.855972
2.923737
2.979896
3.026073
3.063481
3.093026
3.115380
3.131025
3.140287
3.143354
6.300188
6.290757
6.262394
6.214886
6.147866
6.060784
5.952875
5.823103
5.670087
5.491993
5.286384
5.050011
4.778542
4.466243
4.105801
3.688959
3.210273
2.680669
2.164708
1.831358
1.625520
1.493937
1.404817
1.340692
1.291948
1.253137
1.221051
1.193725
1.169912
1.148792
1.129816
1.112605
1.096899
1.082519
1.069347
1.057317
1.046411
1.036659
1.028158
1.021088
1.015769
1.012737
1.012910
1.017881
1.030493
1.055968
1.104079
1.192959
1.353286
1.616615
1.882362
2.113974
2.307015
2.466420
2.598378
2.708193
2.799992
2.876906
2.941303
2.994980
3.039309
3.075337
3.103862
3.125484
3.140635
3.149613
3.152586
6.347738
6.338493
6.310703
6.264194
6.198666
6.113679
6.008630
5.882720
5.734919
5.563917
5.368077
5.145399
4.893539
4.609995
4.292700
3.941570
3.562079
3.172133
2.810763
2.531316
2.328629
2.182193
2.073860
1.990916
1.925090
1.871090
1.825513
1.786133
1.751460
1.720484
1.692500
1.667016
1.643684
1.622261
1.602586
1.584565
1.568164
1.553414
1.540426
1.529411
1.520732
1.514984
1.513133
1.516753
1.528425
1.552374
1.595347
1.667313
1.779937
1.936715
2.107999
2.272414
2.420632
2.550348
2.662331
2.758383
2.840463
2.910358
2.969590
3.019413
3.060844
3.094695
3.121602
3.142057
3.156420
3.164942
3.167766
6.413776
6.404775
6.377732
6.332520
6.268925
6.186638
6.085246
5.964229
5.822953
5.660680
5.476610
5.269968
5.040220
4.787501
4.513432
4.222544
3.924339
3.635020
3.374895
3.154516
2.975484
2.832346
2.717512
2.624023
2.546404
2.480620
2.423780
2.373831
2.329314
2.289183
2.252685
2.219275
2.188559
2.160255
2.134172
2.110192
2.088265
2.068409
2.050721
2.035397
2.022764
2.013333
2.007884
2.007572
2.014081
2.029757
2.057624
2.101007
2.162434
2.242311
2.340505
2.447052
2.552750
2.652011
2.742215
2.822546
2.893120
2.954473
3.007284
3.052238
3.089961
3.120996
3.145796
3.164721
3.178048
3.185968
3.188595
6.497815
6.489100
6.462929
6.419230
6.357877
6.278700
6.181488
6.065997
5.931982
5.779242
5.607714
5.417643
5.209872
4.986355
4.750984
4.510835
4.277714
4.068712
3.899281
3.736368
3.586447
3.454197
3.339817
3.241261
3.155885
3.081205
3.015154
2.956098
2.902781
2.854249
2.809782
2.768840
2.731021
2.696029
2.663655
2.633767
2.606294
2.581234
2.558652
2.538693
2.521593
2.507702
2.497496
2.491571
2.490571
2.494947
2.504383
2.516660
2.526479
2.529590
2.564657
2.622539
2.691306
2.762729
2.831973
2.896466
2.954998
3.007130
3.052836
3.092293
3.125765
3.153533
3.175863
3.192985
3.205081
3.212286
3.214678
6.599284
6.590879
6.565656
6.523592
6.464652
6.388799
6.296007
6.186289
6.059736
5.916591
5.757363
5.583016
5.395270
5.197065
4.993312
4.792097
4.606969
4.462835
4.417147
4.305229
4.179739
4.058177
3.946298
3.845320
3.754667
3.673162
3.599534
3.532626
3.471463
3.415249
3.363354
3.315284
3.270656
3.229183
3.190654
3.154925
3.121911
3.091581
3.063961
3.039129
3.017213
2.998386
2.982828
2.970646
2.961683
2.955079
2.948301
2.934769
2.897233
2.784912
2.765995
2.787140
2.827207
2.875628
2.926481
2.976345
3.023276
3.066214
3.104637
3.138335
3.167272
3.191508
3.211139
3.226273
3.237007
3.243416
3.245547
6.717563
6.709477
6.685225
6.644830
6.588340
6.515836
6.427454
6.323416
6.204082
6.070022
5.922130
5.761791
5.591125
5.413323
5.233104
5.057273
4.895230
4.758510
4.654023
4.540440
4.421880
4.305250
4.194658
4.091830
3.997081
3.910020
3.829970
3.756188
3.687973
3.624709
3.565880
3.511061
3.459914
3.412171
3.367631
3.326147
3.287620
3.251997
3.219261
3.189425
3.162523
3.138580
3.117562
3.099281
3.083212
3.068164
3.051750
3.029661
2.995549
2.946831
2.927269
2.932820
2.954753
2.986094
3.021977
3.059160
3.095545
3.129813
3.161164
3.189136
3.213482
3.234086
3.250912
3.263962
3.273258
3.278824
3.280677
6.852015
6.844240
6.820935
6.782164
6.728043
6.658751
6.574555
6.475840
6.363155
6.237285
6.099343
5.950893
5.794116
5.631998
5.468507
5.308659
5.158169
5.021953
4.899995
4.780627
4.662092
4.546285
4.435255
4.330262
4.231806
4.139867
4.054139
3.974183
3.899531
3.829735
3.764395
3.703168
3.645766
3.591956
3.541552
3.494411
3.450427
3.409526
3.371659
3.336788
3.304874
3.275847
3.249558
3.225705
3.203718
3.182616
3.160876
3.136574
3.108471
3.079595
3.063431
3.062117
3.072892
3.092018
3.116173
3.142773
3.169931
3.196328
3.221069
3.243563
3.263433
3.280444
3.294461
3.305406
3.313240
3.317945
3.319514
7.002018
6.994533
6.972111
6.934848
6.882916
6.816571
6.736177
6.642232
6.535412
6.416621
6.287063
6.148321
6.002450
5.852046
5.700268
5.550689
5.406832
5.271138
5.143377
5.019981
4.899574
4.782545
4.669813
4.562156
4.460012
4.363505
4.272535
4.186874
4.106232
4.030304
3.958798
3.891450
3.828028
3.768336
3.712210
3.659517
3.610150
3.564022
3.521061
3.481194
3.444339
3.410377
3.379118
3.350261
3.323342
3.297705
3.272563
3.247289
3.222165
3.199649
3.184740
3.179327
3.182680
3.192913
3.207926
3.225826
3.245078
3.264501
3.283222
3.300616
3.316241
3.329797
3.341080
3.349960
3.356350
3.360202
3.361489
7.166990
7.159764
7.138127
7.102202
7.052202
6.988440
6.911348
6.821500
6.719640
6.606725
6.483968
6.352880
6.215314
6.073468
5.929829
5.786998
5.647331
5.512391
5.382392
5.256346
5.133680
5.014508
4.899296
4.788538
4.682583
4.581605
4.485623
4.394547
4.308219
4.226451
4.149043
4.075805
4.006560
3.941149
3.879435
3.821298
3.766634
3.715353
3.667367
3.622588
3.580911
3.542202
3.506276
3.472880
3.441682
3.412298
3.384383
3.357853
3.333252
3.312094
3.296556
3.287769
3.285586
3.289031
3.296789
3.307528
3.320054
3.333374
3.346703
3.359436
3.371119
3.381421
3.390105
3.397002
3.401999
3.405024
3.406037
7.346414
7.339407
7.318431
7.283631
7.235249
7.173639
7.099277
7.012779
6.914923
6.806672
6.689202
6.563917
6.432459
6.296683
6.158582
6.020141
5.883105
5.748702
5.617456
5.489332
5.364290
5.242509
5.124328
5.010115
4.900176
4.794709
4.693806
4.597471
4.505647
4.418236
4.335119
4.256167
4.181256
4.110265
4.043082
3.979604
3.919736
3.863387
3.810467
3.760879
3.714516
3.671245
3.630905
3.593300
3.558209
3.525423
3.494818
3.466489
3.440895
3.418921
3.401619
3.389610
3.382864
3.380833
3.382673
3.387443
3.394234
3.402240
3.410781
3.419305
3.427378
3.434665
3.440916
3.445944
3.449621
3.451859
3.452610
7.539852
7.533017
7.512561
7.478642
7.431525
7.371590
7.299341
7.215416
7.120599
7.015839
6.902251
6.781127
6.653923
6.522224
6.387676
6.251879
6.116245
5.981857
5.849397
5.719235
5.591641
5.466911
5.345390
5.227419
5.113297
5.003248
4.897419
4.795885
4.698663
4.605728
4.517028
4.432490
4.352034
4.275574
4.203025
4.134302
4.069319
4.007992
3.950233
3.895947
3.845028
3.797358
3.752799
3.711205
3.672432
3.636366
3.602978
3.572388
3.544919
3.521074
3.501391
3.486185
3.475428
3.468766
3.465628
3.465337
3.467200
3.470571
3.474875
3.479625
3.484422
3.488946
3.492948
3.496238
3.498680
3.500181
3.500687
7.746963
7.740246
7.720153
7.686851
7.640619
7.581856
7.511082
7.428943
7.336221
7.233833
7.122835
7.004417
6.879882
6.750613
6.618018
6.483454
6.348141
6.213082
6.079040
5.946572
5.816125
5.688105
5.562901
5.440875
5.322345
5.207568
5.096738
4.989986
4.887391
4.788987
4.694774
4.604730
4.518814
4.436972
4.359142
4.285258
4.215246
4.149030
4.086527
4.027647
3.972293
3.920357
3.871728
3.826291
3.783947
3.744630
3.708339
3.675168
3.645317
3.619066
3.596684
3.578313
3.563896
3.553174
3.545735
3.541075
3.538660
3.537968
3.538522
3.539898
3.541740
3.543750
3.545692
3.547381
3.548681
3.549497
3.549775
7.967505
7.960853
7.940956
7.907988
7.862243
7.804133
7.734186
7.653055
7.561508
7.460436
7.350840
7.233824
7.110574
6.982328
6.850329
6.715780
6.579781
6.443292
6.307109
6.171888
6.038183
5.906483
5.777234
5.650835
5.527639
5.407941
5.291979
5.179931
5.071928
4.968053
4.868352
4.772844
4.681520
4.594357
4.511314
4.432341
4.357378
4.286355
4.219198
4.155822
4.096138
4.040051
3.987464
3.938284
3.892435
3.849869
3.810581
3.774627
3.742116
3.713189
3.687967
3.666487
3.648669
3.634300
3.623063
3.614569
3.608396
3.604121
3.601346
3.599707
3.598888
3.598622
3.598689
3.598913
3.599165
3.599351
3.599420
8.201352
8.194705
8.174828
8.141903
8.096234
8.038245
7.968476
7.887581
7.796322
7.695563
7.586265
7.469466
7.346264
7.217794
7.085191
6.949554
6.811913
6.673194
6.534216
6.395688
6.258235
6.122412
5.988716
5.857593
5.729435
5.604579
5.483304
5.365832
5.252337
5.142944
5.037739
4.936772
4.840066
4.747621
4.659416
4.575415
4.495568
4.419815
4.348087
4.280305
4.216387
4.156245
4.099792
4.046947
3.997641
3.951828
3.909490
3.870643
3.835332
3.803608
3.775506
3.751000
3.729991
3.712294
3.697648
3.685741
3.676233
3.668775
3.663033
3.658695
3.655484
3.653162
3.651527
3.650419
3.649713
3.649324
3.649200
8.448491
8.441789
8.421748
8.388561
8.342545
8.284138
8.213893
8.132471
8.040633
7.939231
7.829191
7.711509
7.587222
7.457394
7.323086
7.185334
7.045121
6.903356
6.760871
6.618414
6.476658
6.336212
6.197624
6.061385
5.927930
5.797637
5.670825
5.547757
5.428644
5.313648
5.202886
5.096439
4.994352
4.896646
4.803315
4.714334
4.629664
4.549251
4.473029
4.400925
4.332860
4.268750
4.208513
4.152070
4.099354
4.050311
4.004907
3.963124
3.924958
3.890407
3.859447
3.832017
3.808003
3.787236
3.769493
3.754516
3.742020
3.731714
3.723315
3.716555
3.711193
3.707014
3.703839
3.701521
3.699946
3.699032
3.698733
8.709033
8.702211
8.681815
8.648048
8.601247
8.541868
8.470486
8.387777
8.294511
8.191534
8.079761
7.960157
7.833721
7.701473
7.564426
7.423576
7.279879
7.134239
6.987499
6.840438
6.693772
6.548155
6.404183
6.262393
6.123264
5.987214
5.854601
5.725727
5.600834
5.480117
5.363719
5.251744
5.144258
5.041295
4.942862
4.848943
4.759504
4.674495
4.593853
4.517507
4.445377
4.377382
4.313438
4.253467
4.197394
4.145157
4.096702
4.051986
4.010971
3.973615
3.939859
3.909617
3.882768
3.859153
3.838574
3.820809
3.805616
3.792747
3.781958
3.773019
3.765717
3.759862
3.755295
3.751880
3.749516
3.748126
3.747668
8.983218
8.976208
8.955252
8.920571
8.872525
8.811602
8.738406
8.653642
8.558098
8.452634
8.338161
8.215635
8.086034
7.950349
7.809569
7.664664
7.516581
7.366222
7.214448
7.062068
6.909836
6.758452
6.608559
6.460741
6.315519
6.173353
6.034640
5.899714
5.768850
5.642266
5.520129
5.402561
5.289641
5.181414
5.077895
4.979072
4.884914
4.795372
4.710382
4.629871
4.553760
4.481962
4.414392
4.350965
4.291600
4.236221
4.184758
4.137148
4.093326
4.053223
4.016756
3.983824
3.954301
3.928033
3.904842
3.884530
3.866888
3.851699
3.838753
3.827846
3.818792
3.811424
3.805597
3.801190
3.798110
3.796289
3.795687
9.271424
9.264151
9.242415
9.206459
9.156680
9.093608
9.017895
8.930286
8.831606
8.722741
8.604616
8.478189
8.344431
8.204322
8.058835
7.908933
7.755557
7.599620
7.442004
7.283550
7.125052
6.967259
6.810862
6.656492
6.504717
6.356039
6.210891
6.069640
5.932585
5.799968
5.671971
5.548730
5.430331
5.316826
5.208232
5.104537
5.005709
4.911696
4.822431
4.737837
4.657828
4.582314
4.511203
4.444401
4.381818
4.323367
4.268962
4.218522
4.171962
4.129193
4.090118
4.054623
4.022578
3.993836
3.968230
3.945582
3.925705
3.908409
3.893507
3.880820
3.870182
3.861445
3.854478
3.849173
3.845446
3.843234
3.842501
9.574176
9.566557
9.543796
9.506171
9.454126
9.388257
9.309279
9.218000
9.115301
9.002107
8.879374
8.748073
8.609180
8.463672
8.312517
8.156675
7.997092
7.834698
7.670399
7.505073
7.339564
7.174670
7.011136
6.849647
6.690819
6.535195
6.383247
6.235368
6.091883
5.953048
5.819059
5.690055
5.566128
5.447327
5.333668
5.225135
5.121689
5.023272
4.929810
4.841217
4.757402
4.678264
4.603704
4.533618
4.467906
4.406467
4.349203
4.296015
4.246806
4.201471
4.159900
4.121971
4.087553
4.056502
4.028660
4.003863
3.981942
3.962725
3.946046
3.931745
3.919672
3.909695
3.901697
3.895579
3.891265
3.888700
3.887848
9.892164
9.884106
9.860043
9.820301
9.765398
9.696016
9.612962
9.517135
9.409490
9.291012
9.162699
9.025548
8.880545
8.728668
8.570886
8.408158
8.241440
8.071681
7.899820
7.726781
7.553462
7.380721
7.209366
7.040141
6.873715
6.710677
6.551532
6.396703
6.246531
6.101284
5.961161
5.826303
5.696798
5.572687
5.453978
5.340646
5.232640
5.129893
5.032318
4.939821
4.852297
4.769638
4.691730
4.618462
4.549720
4.485391
4.425366
4.369531
4.317776
4.269985
4.226038
4.185809
4.149163
4.115958
4.086044
4.059269
4.035474
4.014504
3.996208
3.980440
3.967067
3.955967
3.947034
3.940181
3.935337
3.932451
3.931493
10.226268
10.217660
10.191969
10.149591
10.091149
10.017446
9.929420
9.828089
9.714511
9.589752
9.454864
9.310874
9.158783
8.999571
8.834200
8.663632
8.488829
8.310765
8.130419
7.948769
7.766780
7.585386
7.405467
7.227837
7.053224
6.882265
6.715503
6.553380
6.396254
6.244394
6.097999
5.957200
5.822072
5.692646
5.568912
5.450830
5.338334
5.231340
5.129749
5.033451
4.942328
4.856259
4.775118
4.698780
4.627120
4.560013
4.497337
4.438968
4.384782
4.334655
4.288460
4.246064
4.207331
4.172122
4.140291
4.111693
4.086181
4.063610
4.043841
4.026741
4.012188
4.000071
3.990293
3.982775
3.977451
3.974275
3.973220
10.577590
10.568295
10.540583
10.494947
10.432159
10.353199
10.259182
10.151289
10.030713
9.898621
9.756130
9.604301
9.444144
9.276631
9.102712
8.923339
8.739480
8.552132
8.362321
8.171095
7.979505
7.788575
7.599279
7.412514
7.229078
7.049659
6.874832
6.705062
6.540710
6.382041
6.229241
6.082424
5.941645
5.806912
5.678194
5.555427
5.438526
5.327385
5.221888
5.121906
5.027306
4.937951
4.853702
4.774420
4.699967
4.630206
4.565001
4.504220
4.447729
4.395394
4.347081
4.302654
4.261976
4.224907
4.191306
4.161032
4.133947
4.109915
4.088805
4.070496
4.054873
4.041835
4.031293
4.023173
4.017416
4.013979
4.012836
10.947500
10.937349
10.907119
10.857454
10.789342
10.704010
10.602820
10.487172
10.358431
10.217889
10.066733
9.906056
9.736862
9.560096
9.376678
9.187532
8.993620
8.795961
8.595638
8.393787
8.191568
7.990129
7.790561
7.593864
7.400914
7.212459
7.029104
6.851327
6.679482
6.513819
6.354500
6.201610
6.055172
5.915164
5.781524
5.654159
5.532957
5.417787
5.308511
5.204979
5.107039
5.014538
4.927319
4.845231
4.768121
4.695841
4.628243
4.565183
4.506520
4.452111
4.401817
4.355497
4.313012
4.274224
4.238992
4.207182
4.178660
4.153297
4.130969
4.111563
4.094972
4.081103
4.069871
4.061209
4.055061
4.051389
4.050167
11.337713
11.326481
11.293090
11.238409
11.163744
11.070680
10.960917
10.836146
10.697952
10.547769
10.386859
10.216328
10.037151
9.850215
9.656372
9.456491
9.251507
9.042455
8.830484
8.616846
8.402852
8.189812
7.978973
7.771464
7.568258
7.370158
7.177800
6.991659
6.812071
6.639254
6.473330
6.314342
6.162270
6.017049
5.878578
5.746728
5.621354
5.502297
5.389389
5.282460
5.181335
5.085841
4.995807
4.911064
4.831446
4.756793
4.686946
4.621750
4.561056
4.504713
4.452578
4.404505
4.360353
4.319983
4.283258
4.250045
4.220214
4.193642
4.170212
4.149815
4.132352
4.117732
4.105880
4.096730
4.090232
4.086347
4.085055
11.750390
11.737772
11.700352
11.639348
11.556546
11.454047
11.334023
11.198543
11.049463
10.888375
10.716607
10.535247
10.345198
10.147239
9.942103
9.730554
9.513463
9.291866
9.066997
8.840261
8.613181
8.387294
8.164056
7.944761
7.730494
7.522117
7.320279
7.125437
6.937888
6.757797
6.585226
6.420158
6.262517
6.112185
5.969010
5.832822
5.703435
5.580657
5.464290
5.354136
5.249998
5.151684
5.059003
4.971771
4.889807
4.812939
4.740997
4.673817
4.611239
4.553109
4.499276
4.449591
4.403911
4.362097
4.324012
4.289525
4.258509
4.230846
4.206422
4.185134
4.166886
4.151595
4.139186
4.129600
4.122788
4.118714
4.117359
12.188301
12.173865
12.131200
12.062084
11.969046
11.854939
11.722585
11.574541
11.412982
11.239662
11.055945
10.862855
10.661155
10.451442
10.234248
10.010159
9.779923
9.544552
9.305375
9.064021
8.822317
8.582128
8.345197
8.113030
7.886839
7.667537
7.455761
7.251923
7.056247
6.868819
6.689617
6.518546
6.355456
6.200162
6.052456
5.912114
5.778908
5.652605
5.532977
5.419795
5.312839
5.211894
5.116751
5.027208
4.943073
4.864159
4.790286
4.721281
4.656975
4.597209
4.541825
4.490672
4.443605
4.400482
4.361168
4.325533
4.293452
4.264810
4.239497
4.217412
4.198465
4.182574
4.169671
4.159696
4.152604
4.148363
4.146951
12.655087
12.638186
12.588498
12.508741
12.402614
12.274077
12.126836
11.964055
11.788259
11.601347
11.404657
11.199073
10.985125
10.763124
10.533289
10.295911
10.051517
9.801042
9.545930
9.288132
9.029938
8.773703
8.521573
8.275323
8.036297
7.805429
7.583307
7.370246
7.166360
6.971615
6.785879
6.608954
6.440600
6.280553
6.128536
5.984270
5.847476
5.717880
5.595217
5.479229
5.369670
5.266302
5.168897
5.077239
4.991119
4.910339
4.834708
4.764044
4.698172
4.636926
4.580142
4.527668
4.479354
4.435059
4.394646
4.357986
4.324957
4.295445
4.269343
4.246553
4.226987
4.210567
4.197226
4.186909
4.179571
4.175181
4.173720
13.155673
13.135293
13.075867
12.981769
12.858591
12.711921
12.546627
12.366583
12.174655
11.972808
11.762265
11.543652
11.317150
11.082640
10.839874
10.588677
10.329194
10.062170
9.789173
9.512638
9.235601
8.961172
8.692069
8.430393
8.177597
7.934575
7.701791
7.479395
7.267330
7.065401
6.873329
6.690790
6.517436
6.352912
6.196866
6.048955
5.908846
5.776223
5.650782
5.532235
5.420310
5.314746
5.215297
5.121731
5.033825
4.951369
4.874162
4.802015
4.734745
4.672179
4.614151
4.560503
4.511085
4.465753
4.424370
4.386808
4.352946
4.322670
4.295876
4.272469
4.252362
4.235480
4.221759
4.211143
4.203590
4.199071
4.197567
13.697021
13.671446
13.597908
13.483876
13.338061
13.168388
12.981169
12.780997
12.570967
12.352966
12.127942
11.896122
11.657182
11.410412
11.154891
10.889728
10.614412
10.329271
10.035952
9.737645
9.438657
9.143314
8.855138
8.576583
8.309122
8.053484
7.809886
7.578214
7.358166
7.149330
6.951247
6.763441
6.585442
6.416794
6.257062
6.105837
5.962731
5.827383
5.699452
5.578620
5.464588
5.357074
5.255815
5.160562
5.071080
4.987149
4.908558
4.835109
4.766614
4.702894
4.643779
4.589109
4.538730
4.492497
4.450273
4.411931
4.377348
4.346413
4.319023
4.295085
4.274513
4.257234
4.243185
4.232313
4.224576
4.219947
4.218405
14.289518
14.255563
14.160441
14.017767
13.841388
13.642402
13.428663
13.205269
12.975250
12.740147
12.500417
12.255710
12.005044
11.746936
11.479549
11.200932
10.909454
10.604550
10.287721
9.963332
9.638068
9.318289
9.008588
8.711678
8.428824
8.160355
7.906053
7.665410
7.437788
7.222506
7.018887
6.826286
6.644097
6.471759
6.308752
6.154599
6.008859
5.871126
5.741024
5.618205
5.502347
5.393148
5.290327
5.193622
5.102786
5.017589
4.937812
4.863249
4.793708
4.729003
4.668963
4.613423
4.562228
4.515232
4.472296
4.433293
4.398102
4.366611
4.338720
4.314333
4.293370
4.275758
4.261434
4.250346
4.242456
4.237733
4.236161
14.949926
14.900847
14.770527
14.585362
14.367321
14.131170
13.885811
13.636164
13.384619
13.131955
12.877868
12.621257
12.360347
12.092738
11.815439
11.524995
11.217923
10.891756
10.547048
10.189895
9.831995
9.483184
9.149248
8.832716
8.534140
8.253059
7.988561
7.739586
7.505071
7.284018
7.075509
6.878718
6.692902
6.517392
6.351588
6.194947
6.046979
5.907237
5.775312
5.650830
5.533447
5.422843
5.318723
5.220812
5.128854
5.042608
4.961850
4.886368
4.815964
4.750449
4.689648
4.633393
4.581528
4.533905
4.490387
4.450844
4.415155
4.383211
4.354910
4.330159
4.308878
4.290994
4.276446
4.265184
4.257168
4.252369
4.250772
15.708493
15.627372
15.435456
15.185836
14.911362
14.629148
14.347247
14.068957
13.795108
13.525185
13.257844
12.991103
12.722349
12.448232
12.164472
11.865689
11.545486
11.197501
10.818821
10.417206
10.016834
9.633204
9.272504
8.935797
8.621963
8.329181
8.055545
7.799300
7.558894
7.332985
7.120414
6.920177
6.731400
6.553319
6.385260
6.226623
6.076874
5.935531
5.802158
5.676357
5.557767
5.446054
5.340910
5.242050
5.149209
5.062140
4.980613
4.904411
4.833330
4.767181
4.705785
4.648972
4.596585
4.548475
4.504503
4.464539
4.428465
4.396168
4.367549
4.342516
4.320988
4.302893
4.288172
4.276775
4.268661
4.263805
4.262188
16.629302
16.464692
16.158090
15.811162
15.463144
15.126812
14.805073
14.497310
14.201670
13.915833
13.637220
13.362961
13.089715
12.813368
12.528530
12.227800
11.900833
11.533941
11.113529
10.643272
10.184932
9.760292
9.371769
9.016003
8.688734
8.386155
8.105141
7.843174
7.598220
7.368615
7.152985
6.950174
6.759202
6.579225
6.409509
6.249412
6.098363
5.955855
5.821430
5.694674
5.575211
5.462696
5.356813
5.257269
5.163792
5.076131
4.994050
4.917330
4.845765
4.779162
4.717339
4.660126
4.607365
4.558906
4.514610
4.474346
4.437996
4.405448
4.376602
4.351368
4.329663
4.311419
4.296575
4.285081
4.276899
4.272001
4.270370
17.879328
17.444006
16.921049
16.437579
16.003239
15.609884
15.248921
14.913540
14.598428
14.299256
14.012243
13.733805
13.460184
13.186994
12.908478
12.616150
12.296103
11.923902
11.458081
10.857422
10.319330
9.851262
9.438278
9.067714
8.730815
8.421564
8.135689
7.870036
7.622195
7.390271
7.172737
6.968334
6.776010
6.594869
6.424140
6.263152
6.111312
5.968096
5.833033
5.705698
5.585706
5.472707
5.366377
5.266420
5.172560
5.084541
5.002127
4.925096
4.853238
4.786361
4.724282
4.666829
4.613843
4.565175
4.520684
4.480240
4.443724
4.411026
4.382044
4.356689
4.334879
4.316546
4.301628
4.290076
4.281852
4.276929
4.275290
18.510955
17.644520
17.014866
16.502350
16.060562
15.667189
15.309502
14.979248
14.670518
14.378693
14.099831
13.830222
13.565946
13.302240
13.032218
12.743526
12.407485
11.937472
11.009005
10.383703
9.887148
9.462366
9.085760
8.745247
8.433597
8.146015
7.879085
7.630253
7.397538
7.179356
6.974414
6.781634
6.600101
6.429031
6.267743
6.115638
5.972184
5.836907
5.709378
5.589210
5.476048
5.369569
5.269473
5.175485
5.087347
5.004822
4.927686
4.855731
4.788763
4.726598
4.669065
4.616004
4.567266
4.522710
4.482206
4.445635
4.412887
4.383860
4.358464
4.336620
4.318256
4.303313
4.291743
4.283505
4.278574
4.276932
18.955293
18.131210
17.475016
16.930733
16.462824
16.049772
15.678030
15.338543
15.024875
14.732180
14.456605
14.194926
13.944327
13.702317
13.466956
13.238300
13.025037
12.875317
19.179005
18.450013
17.823254
17.282741
16.810230
16.391045
16.014303
15.672018
15.358260
15.068548
14.799482
14.548549
14.314122
14.095743
13.894990
13.717682
13.579046
13.513724
19.310716
18.666580
18.085248
17.566746
17.104310
16.689876
16.316118
15.976969
15.667597
15.384269
15.124226
14.885668
14.667869
14.471542
14.299581
14.158390
14.059742
14.021485
19.397280
18.820345
18.284409
17.794686
17.350390
16.948030
16.583325
16.252140
15.950892
15.676704
15.427487
15.202026
15.000143
14.822975
14.673400
14.556556
14.480047
14.452731
19.458057
18.933112
18.437359
17.977198
17.554533
17.168528
16.817010
16.497376
16.207127
15.944169
15.706990
15.494806
15.307704
15.146814
15.014490
14.914386
14.851158
14.829347
19.501837
19.016685
18.554717
18.122215
17.722016
17.354541
17.018812
16.713227
16.436072
16.185853
15.961498
15.762505
15.589052
15.442087
15.323361
15.235341
15.180851
15.162341
19.532607
19.077076
18.642607
18.234928
17.856774
17.508806
17.190471
16.900647
16.638082
16.401673
16.190645
16.004665
15.843913
15.709119
15.601527
15.522765
15.474565
15.458316
19.551516
19.116402
18.703709
18.318117
17.961346
17.633439
17.333618
17.060808
16.813935
16.592112
16.394744
16.221595
16.072817
15.948950
15.850861
15.779626
15.736329
15.721792
19.557054
19.133310
18.737708
18.372485
18.037056
17.729985
17.449755
17.195031
16.964739
16.758096
16.574624
16.414152
16.276812
16.163003
16.073341
16.008551
15.969331
15.956195
19.543389
19.122074
18.741329
18.397059
18.084407
17.799689
17.540387
17.304823
17.091894
16.900909
16.731503
16.583579
16.457273
16.352911
16.270950
16.211904
16.176250
16.164324
19.494427
19.070270
18.708475
18.390014
18.103825
17.843977
17.607280
17.391980
17.197103
17.022145
16.866901
16.731388
16.615791
16.520416
16.445642
16.391867
16.359440
16.348603
19.364049
18.956105
18.632286
18.350698
18.096901
17.865114
17.652778
17.458712
17.282395
17.123665
16.982566
16.859282
16.754088
16.667320
16.599337
16.550482
16.521042
16.511206
19.197544
19.005665
18.757814
18.513866
18.283593
18.067966
17.866800
17.680007
17.507693
17.350102
17.207554
17.080418
16.969084
16.873958
16.795439
16.733903
16.689682
16.663038
16.654137
18.778846
18.703252
18.555621
18.381771
18.201840
18.024570
17.854114
17.692755
17.541952
17.402764
17.276033
17.162466
17.062680
16.977222
16.906574
16.851154
16.811307
16.787291
16.779267
18.511337
18.472876
18.379646
18.255759
18.117427
17.974358
17.832332
17.694948
17.564596
17.442970
17.331347
17.230733
17.141948
17.065675
17.002480
16.952832
16.917100
16.895551
16.888350
18.320751
18.297269
18.234328
18.144190
18.037752
17.923103
17.805908
17.690110
17.578513
17.473173
17.375652
17.287171
17.208706
17.141048
17.084840
17.040595
17.008709
16.989465
16.983031
18.177130
18.161120
18.116207
18.048922
17.966286
17.874395
17.778087
17.681072
17.586172
17.495557
17.410918
17.333593
17.264656
17.204972
17.155237
17.115999
17.087677
17.070567
17.064844
18.065527
18.053874
18.020458
17.969007
17.904075
17.830102
17.750974
17.669917
17.589546
17.511965
17.438868
17.371628
17.311354
17.258948
17.215135
17.180486
17.155434
17.140282
17.135212
17.977231
17.968391
17.942745
17.902571
17.850905
17.790965
17.725791
17.658077
17.590130
17.523888
17.460964
17.402695
17.350183
17.304331
17.265870
17.235377
17.213290
17.199916
17.195438
17.906616
17.899715
17.879558
17.847626
17.806009
17.757063
17.703147
17.646470
17.589009
17.532492
17.478405
17.428005
17.382352
17.342323
17.308637
17.281862
17.262433
17.250654
17.246708
17.849800
17.844296
17.828147
17.802367
17.768443
17.728130
17.683266
17.635646
17.586943
17.538668
17.492157
17.448569
17.408896
17.373974
17.344491
17.321001
17.303925
17.293560
17.290086
17.803992
17.799522
17.786366
17.765250
17.737267
17.703748
17.666140
17.625904
17.584449
17.543081
17.502987
17.465218
17.430690
17.400185
17.374354
17.353726
17.338704
17.329577
17.326515
17.767125
17.763434
17.752546
17.735002
17.711627
17.683455
17.651641
17.617383
17.581866
17.546221
17.511492
17.478626
17.448461
17.421721
17.399016
17.380843
17.367589
17.359527
17.356822
17.737641
17.734541
17.725384
17.710583
17.690783
17.666805
17.639586
17.610120
17.579413
17.548443
17.518134
17.489334
17.462807
17.439221
17.419144
17.403043
17.391282
17.384122
17.381717
17.714357
17.711706
17.703865
17.691163
17.674117
17.653397
17.629777
17.604098
17.577222
17.550005
17.523265
17.497770
17.474213
17.453212
17.435296
17.420902
17.410375
17.403960
17.401805
17.696375
17.694060
17.687207
17.676086
17.661126
17.642888
17.622029
17.599273
17.575373
17.551088
17.527154
17.504266
17.483063
17.464118
17.447925
17.434896
17.425355
17.419537
17.417582
17.683024
17.680953
17.674817
17.664848
17.651414
17.634999
17.616178
17.595590
17.573910
17.551821
17.529996
17.509076
17.489656
17.472272
17.457390
17.445401
17.436614
17.431251
17.429449
17.673815
17.671909
17.666261
17.657076
17.644683
17.629515
17.612094
17.593001
17.572855
17.552290
17.531933
17.512387
17.494214
17.477924
17.463962
17.452704
17.444447
17.439406
17.437711
17.668417
17.666607
17.661242
17.652513
17.640725
17.626285
17.609682
17.591464
17.572219
17.552550
17.533059
17.514324
17.496889
17.481247
17.467831
17.457007
17.449065
17.444214
17.442583
17.666639
17.664860
17.659588
17.651008
17.639419
17.625218
17.608884
17.590955
17.572007
17.552634
17.533428
17.514962
17.497771
17.482343
17.469108
17.458428
17.450590
17.445803
17.444193
0.000000
